[
	{
		"id": "34fi15jz0y",
		"nrOfEpochs": 52,
		"epochs": [ 2, 2, 2, 3, 4, 4, 5, 5 | 6, 7, 8, 9, 10, 11, 12, 13, 14, 15, 16, 17, 18, 19, 20, 21, 22, 23, 24, 25, 26, 27, 28, 29, 30, 31, 32, 33, 34, 35, 36, 37, 38, 39, 40, 41, 42, 43, 44, 45, 46, 47, 48, 49, 50, 51 ],
		"loss": [ 1.537602, 1.133112, 1.074253, 1.044879, 0.959362, 1.003999, 0.983012, 0.924943 | 0.978038, 0.969871, 0.966083, 0.960979, 0.956266, 0.951906, 0.947795, 0.943782, 0.939754, 0.935704, 0.931620, 0.927493, 0.923260, 0.918905, 0.914358, 0.909744, 0.905212, 0.900858, 0.896840, 0.893186, 0.889918, 0.886898, 0.884119, 0.881551, 0.879188, 0.876995, 0.874950, 0.873031, 0.871179, 0.869406, 0.867656, 0.865971, 0.864332, 0.862730, 0.861162, 0.859638, 0.858185, 0.856781, 0.855421, 0.854125, 0.852897, 0.851723, 0.850646, 0.849648, 0.848695, 0.847818 ],
		"servers": [ 1, 1, 1, 2, 1, 1, 2, 2 | 1, 1, 1, 1, 1, 1, 1, 1, 1, 1, 1, 1, 1, 1, 1, 1, 1, 1, 1, 1, 1, 1, 1, 1, 1, 1, 1, 1, 1, 1, 1, 1, 1, 1, 1, 1, 1, 1, 1, 1, 1, 1, 1, 1, 1, 1 ],
		"workers": [ 1, 1, 1, 1, 2, 2, 2, 2 | 1, 1, 1, 1, 1, 1, 1, 1, 1, 1, 1, 1, 1, 1, 1, 1, 1, 1, 1, 1, 1, 1, 1, 1, 1, 1, 1, 1, 1, 1, 1, 1, 1, 1, 1, 1, 1, 1, 1, 1, 1, 1, 1, 1, 1, 1 ],
		"cost": [ 0.658118, 74343.771143, 74343.719299, 87970.485770, 79994.355093, 79994.355093, 123067.958151, 123067.958151 | 101315.201915, 101315.184736, 44957.824348, 44957.816897, 36306.382537, 36306.376507, 60647.008290, 60647.127473, 109851.508391, 32211.617093, 32211.556696, 66777.259160, 66777.324742, 28692.180717, 54604.874456, 54604.846826, 28357.355243, 28357.371644, 87206.320053, 87206.292942, 87206.346642, 54028.941511, 54028.950478, 86411.803628, 86411.800494, 48350.353167, 48350.342574, 91176.917339, 91176.920589, 46162.177543, 46162.190685, 46162.182042, 92690.057128, 92690.074903, 94152.561320, 94152.563007, 59647.199539, 59647.180577, 74245.924298, 74245.951102, 74245.919819, 77862.102219, 77862.108021, 88429.760149, 88429.752134, 81833.805592 ],
		"time": [ 11.916202, 28.698457, 26.968145, 26.325781, 42.517805, 42.522372, 44.724223, 44.756031 | 27.855842, 27.286192, 26.915240, 26.668261, 28.514591, 28.318466, 23.913247, 27.888643, 27.250534, 28.201574, 26.191952, 25.533822, 27.722322, 28.956937, 28.262334, 27.346497, 24.911092, 25.459515, 23.928346, 23.023045, 24.812411, 23.963103, 24.241722, 23.787223, 23.683985, 23.602010, 23.246781, 23.460010, 23.630832, 23.475534, 23.854863, 23.622245, 23.777195, 24.267010, 23.197219, 23.256059, 23.873341, 23.244759, 23.433950, 24.329740, 23.285719, 23.763335, 23.958618, 23.648885, 23.358626, 23.586034 ],
		"startTime": "2021-05-10 11:04:24.735233023 +0200 CEST m=+0.013422623",
		"EndTime": "2021-05-10 11:31:31.618021523 +0200 CEST m=+1626.896211240",
		"totalTime":1.626882788617E+03
	},
	{
		"id": "raozg9kk2w",
		"nrOfEpochs": 20,
		"epochs": [ 2, 2, 2, 3, 4, 4, 5, 5 | 6, 7, 8, 9, 10, 11, 12, 13, 14, 15, 16, 17, 18, 19 ],
		"loss": [ 1.537602, 1.034783, 0.970241, 0.939617, 0.892831, 0.909726, 0.893708, 0.871269 | 0.886224, 0.880553, 0.875031, 0.869592, 0.864603, 0.860640, 0.857670, 0.855360, 0.853501, 0.851967, 0.850655, 0.849522, 0.848506, 0.847587 ],
		"servers": [ 1, 1, 1, 2, 1, 1, 2, 2 | 1, 1, 1, 1, 1, 2, 1, 1, 1, 1, 1, 2, 1, 1 ],
		"workers": [ 1, 1, 1, 1, 2, 2, 2, 2 | 1, 1, 1, 1, 1, 1, 1, 1, 1, 1, 1, 1, 1, 1 ],
		"cost": [ 0.647789, 104797.914940, 104797.915220, 95590.410583, 62430.879375, 62430.879375, 83566.579071, 83566.579071 | 60754.732041, 60754.681305, 59795.897145, 54161.882712, 54161.876978, 110764.753440, 61391.838753, 87202.787184, 87202.783538, 103719.034310, 53216.524064, 121347.551097, 113471.780184, 110470.933180 ],
		"time": [ 11.570004, 35.486166, 35.495852, 38.182277, 56.394701, 56.416506, 38.506688, 38.525599 | 36.609649, 34.923031, 36.309244, 36.668444, 36.479540, 34.814592, 37.835513, 36.085096, 35.965136, 36.352268, 36.556919, 35.770675, 34.818234, 37.102839 ],
		"startTime": "2021-05-10 11:04:24.735233023 +0200 CEST m=+0.013422623",
		"EndTime": "2021-05-10 11:18:48.189099196 +0200 CEST m=+863.467288835",
		"totalTime":8.63453866212E+02
	},
	{
		"id": "3xsh70x2cl",
		"nrOfEpochs": 20,
		"epochs": [ 2, 2, 2, 3, 4, 4, 5, 5 | 6, 7, 8, 9, 10, 11, 12, 13, 14, 15, 16, 17, 18, 19 ],
		"loss": [ 1.537602, 1.034783, 0.970241, 0.939617, 0.909726, 0.892831, 0.871269, 0.893708 | 0.886224, 0.880553, 0.875031, 0.869592, 0.864603, 0.860640, 0.857670, 0.855360, 0.853501, 0.851967, 0.850655, 0.849522, 0.848506, 0.847587 ],
		"servers": [ 1, 1, 1, 2, 1, 1, 2, 2 | 1, 1, 1, 1, 1, 1, 1, 1, 1, 1, 1, 1, 1, 1 ],
		"workers": [ 1, 1, 1, 1, 2, 2, 2, 2 | 1, 1, 1, 1, 1, 1, 1, 1, 1, 1, 1, 1, 1, 1 ],
		"cost": [ 0.599312, 115111.569737, 115111.590346, 48122.724867, 39320.349973, 39320.349973, 151235.238985, 151235.238985 | 142515.340816, 142515.317740, 113632.120804, 113632.129025, 141886.612218, 141886.613086, 150882.239191, 79012.961067, 79012.943694, 86298.307951, 86298.322731, 78772.355591, 78772.367913, 148417.492414 ],
		"time": [ 9.957270, 27.351619, 28.041296, 27.066554, 40.364675, 40.388044, 39.818764, 39.827985 | 27.697256, 26.928037, 27.997827, 28.253804, 25.957724, 25.983890, 29.967829, 26.451746, 25.873010, 26.287595, 26.783188, 26.969909, 27.356247, 26.720060 ],
		"startTime": "2021-05-10 11:04:24.735233023 +0200 CEST m=+0.013422623",
		"EndTime": "2021-05-10 11:16:51.631240623 +0200 CEST m=+746.909430325",
		"totalTime":7.46896007702E+02
	}
]