[
	{
		"id": "uq7y36k23w",
		"nrOfEpochs": 14,
		"epochs": [ 2, 2, 2, 3, 4, 4, 5, 5 | 6, 6, 7, 7, 8, 8, 9, 9, 10, 10, 11, 11, 12, 12, 13, 13 ],
		"loss": [ 1.537602, 1.034783, 0.970241, 0.939617, 0.909726, 0.892831, 0.871269, 0.893708 | 0.883478, 0.861142, 0.875235, 0.854904, 0.850104, 0.864973, 0.861271, 0.846174, 0.855485, 0.842719, 0.839560, 0.849042, 0.846596, 0.836528, 0.833655, 0.841076 ],
		"servers": [ 1, 1, 1, 2, 1, 1, 2, 2 | 2, 2, 2, 2, 2, 2, 2, 2, 2, 2, 2, 2, 2, 2, 2, 2 ],
		"workers": [ 1, 1, 1, 1, 2, 2, 2, 2 | 2, 2, 2, 2, 2, 2, 2, 2, 2, 2, 2, 2, 2, 2, 2, 2 ],
		"cost": [ 0.594194, 1.050299, 1.030628, 145459.130031, 149950.531350, 149950.531350, 149950.901608, 149950.901608 | 152322.602937, 152322.602937, 152322.627389, 152322.627389, 212559.215838, 212559.215838, 89999.553889, 89999.553889, 89999.574331, 89999.574331, 140870.348686, 140870.348686, 214427.544526, 214427.544526, 214427.528632, 214427.528632 ],
		"time": [ 9.790281, 24.996433, 24.319597, 25.854285, 33.258318, 33.305806, 31.981625, 32.046816 | 31.184189, 31.235207, 31.724352, 31.729986, 31.093476, 31.107130, 31.680334, 31.693237, 32.050803, 32.084048, 32.094652, 32.101532, 32.339648, 32.355292, 32.036797, 32.039092 ],
		"startTime": "2021-05-10 12:24:57.813805822 +0200 CEST m=+0.013570686",
		"EndTime": "2021-05-10 12:33:01.573525302 +0200 CEST m=+483.773290210",
		"totalTime":4.83759719524E+02
	}
]