[
	{
		"id": "8xeeoqf4vj",
		"nrOfEpochs": 20,
		"epochs": [ 2, 2, 2, 3, 4, 4, 5, 5 | 6, 7, 8, 9, 10, 11, 12, 13, 14, 15, 16, 17, 18, 19 ],
		"loss": [ 1.537602, 1.034783, 0.970241, 0.939617, 0.909726, 0.892831, 0.871269, 0.893708 | 0.886224, 0.880553, 0.875031, 0.869592, 0.864603, 0.860640, 0.857670, 0.855360, 0.853501, 0.851967, 0.850655, 0.849522, 0.848506, 0.847587 ],
		"servers": [ 1, 1, 1, 2, 1, 1, 2, 2 | 1, 1, 1, 1, 1, 1, 1, 1, 1, 1, 1, 1, 1, 1 ],
		"workers": [ 1, 1, 1, 1, 2, 2, 2, 2 | 1, 1, 1, 1, 1, 1, 1, 1, 1, 1, 1, 1, 1, 1 ],
		"cost": [ 0.632783, 86904.920744, 86904.957921, 75216.305103, 170736.866490, 170736.866490, 170737.339992, 170737.339992 | 89047.449985, 50986.129722, 50986.120203, 86469.215031, 75836.723542, 75836.695400, 27561.978578, 27561.956700, 103546.615458, 85399.757189, 85399.775407, 76501.591889, 97125.115891, 97125.096547 ],
		"time": [ 11.075986, 31.446837, 32.690298, 31.639789, 44.676471, 44.684353, 43.199325, 43.211881 | 32.328041, 32.019519, 31.703148, 32.689111, 32.989870, 32.032032, 32.856999, 32.126888, 32.130182, 31.950272, 32.557217, 33.078007, 33.454971, 32.808921 ],
		"startTime": "2021-05-04 15:13:25.563848887 +0200 CEST m=+0.013323412",
		"EndTime": "2021-05-04 15:26:00.545524948 +0200 CEST m=+754.994999517",
		"totalTime":7.54981676105E+02
	}
]