[
	{
		"id": "44ip3p000m",
		"nrOfEpochs": 20,
		"epochs": [ 2, 2, 2, 3, 4, 4, 5, 5 | 6, 7, 8, 9, 10, 11, 12, 13, 14, 15, 16, 17, 18, 19 ],
		"loss": [ 1.537602, 1.034783, 0.970241, 0.939617, 0.909726, 0.892831, 0.871269, 0.893708 | 0.886224, 0.880553, 0.875031, 0.869592, 0.864603, 0.860640, 0.857670, 0.855360, 0.853501, 0.851967, 0.850655, 0.849522, 0.848506, 0.847587 ],
		"servers": [ 1, 1, 1, 2, 1, 1, 2, 2 | 2, 2, 2, 2, 2, 2, 2, 2, 2, 2, 2, 2, 2, 2 ],
		"workers": [ 1, 1, 1, 1, 2, 2, 2, 2 | 1, 1, 1, 1, 1, 1, 1, 1, 1, 1, 1, 1, 1, 1 ],
		"cost": [ 0.591125, 1.028668, 85811.908919, 85812.545651, 60431.490985, 60431.490985, 146200.688053, 146200.688053 | 88256.631578, 91362.467872, 91362.431637, 117307.116424, 67361.400575, 67361.381890, 114330.971434, 45063.244673, 45063.220876, 111316.687826, 104502.589457, 104502.601614, 42594.327029, 42594.315707 ],
		"time": [ 9.685266, 24.276043, 24.649081, 31.900838, 34.363017, 34.376361, 38.985501, 38.989274 | 31.099206, 31.484184, 30.578042, 32.051541, 31.940386, 31.473065, 31.526115, 31.644508, 31.049762, 31.108094, 31.545721, 31.849003, 30.872001, 30.592220 ],
		"startTime": "2021-05-04 17:57:12.520193327 +0200 CEST m=+0.013361472",
		"EndTime": "2021-05-04 18:09:15.272568008 +0200 CEST m=+722.765736247",
		"totalTime":7.22752374775E+02
	}
]