[
	{
		"id": "wjjexisqkp",
		"nrOfEpochs": 20,
		"epochs": [ 2, 2, 2, 3, 4, 4, 5, 5 | 6, 7, 8, 9, 10, 11, 12, 13, 14, 15, 16, 17, 18, 19 ],
		"loss": [ 1.537602, 1.034783, 0.970241, 0.939617, 0.909726, 0.892831, 0.871269, 0.893708 | 0.886224, 0.880553, 0.875031, 0.869592, 0.864603, 0.860640, 0.857670, 0.855360, 0.853501, 0.851967, 0.850655, 0.849522, 0.848506, 0.847587 ],
		"servers": [ 1, 1, 1, 2, 1, 1, 2, 2 | 1, 2, 1, 1, 1, 1, 1, 1, 1, 1, 1, 1, 1, 2 ],
		"workers": [ 1, 1, 1, 1, 2, 2, 2, 2 | 1, 1, 1, 1, 1, 1, 1, 1, 1, 1, 1, 1, 1, 1 ],
		"cost": [ 0.631618, 114288.823972, 114288.758141, 52177.771320, 139131.616256, 139131.616256, 139130.369156, 139130.369156 | 93128.556213, 13297.674556, 21060.377849, 21060.400958, 139649.699146, 69155.932152, 69155.896454, 85953.562672, 44821.831163, 44821.719095, 75633.482752, 53615.898878, 138364.470728, 138364.713173 ],
		"time": [ 11.033738, 33.924904, 31.664873, 32.763191, 86.308587, 86.309457, 42.072068, 42.112223 | 35.380924, 39.723889, 28.408951, 29.178251, 33.024105, 32.512428, 31.318860, 33.464446, 34.850987, 31.113944, 37.333350, 36.425279, 37.376242, 31.588074 ],
		"startTime": "2021-05-03 20:23:27.503126927 +0200 CEST m=+0.013239202",
		"EndTime": "2021-05-03 20:38:02.386405785 +0200 CEST m=+874.896518095",
		"totalTime":8.74883278893E+02
	},
	{
		"id": "it7v8m9ubf",
		"nrOfEpochs": 52,
		"epochs": [ 2, 2, 2, 3, 4, 4, 5, 5 | 6, 7, 8, 9, 10, 11, 12, 13, 14, 15, 16, 17, 18, 19, 20, 21, 22, 23, 24, 25, 26, 27, 28, 29, 30, 31, 32, 33, 34, 35, 36, 37, 38, 39, 40, 41, 42, 43, 44, 45, 46, 47, 48, 49, 50, 51 ],
		"loss": [ 1.537602, 1.133112, 1.074253, 1.044879, 1.003999, 0.959362, 0.924943, 0.983012 | 0.978038, 0.969871, 0.963045, 0.960979, 0.956266, 0.951906, 0.947795, 0.943782, 0.939754, 0.935704, 0.931620, 0.927493, 0.923260, 0.918905, 0.914358, 0.909744, 0.905212, 0.900858, 0.896840, 0.893186, 0.889918, 0.886898, 0.884119, 0.881551, 0.879188, 0.876995, 0.874950, 0.873031, 0.871179, 0.869406, 0.867656, 0.865971, 0.864332, 0.862730, 0.861162, 0.859638, 0.858185, 0.856781, 0.855421, 0.854125, 0.852897, 0.851723, 0.850646, 0.849648, 0.848695, 0.847818 ],
		"servers": [ 1, 1, 1, 2, 1, 1, 2, 2 | 1, 1, 2, 1, 1, 1, 1, 2, 1, 1, 2, 2, 2, 2, 2, 2, 2, 2, 2, 2, 2, 2, 2, 2, 2, 2, 2, 2, 2, 2, 2, 2, 2, 2, 2, 2, 2, 2, 2, 2, 2, 2, 2, 2, 2, 2 ],
		"workers": [ 1, 1, 1, 1, 2, 2, 2, 2 | 1, 1, 1, 1, 1, 1, 1, 1, 1, 1, 1, 1, 1, 1, 1, 1, 1, 1, 1, 1, 1, 1, 1, 1, 1, 1, 1, 1, 1, 1, 1, 1, 1, 1, 1, 1, 1, 1, 1, 1, 1, 1, 1, 1, 1, 1 ],
		"cost": [ 0.660529, 70912.158785, 70912.282622, 24401.619192, 125065.174827, 125065.174827, 110646.996348, 110646.996348 | 46.941295, 12667.789554, 68992.541942, 61533.854466, 36091.872693, 36091.913774, 56244.610446, 79481.638896, 72170.554002, 52570.756788, 52570.835715, 113693.329841, 33393.941695, 33393.754371, 46037.902741, 46038.141841, 111554.830202, 111554.836642, 111554.820005, 81522.942361, 81522.936143, 120493.815288, 120493.830826, 120493.833800, 78124.760247, 78124.716658, 101100.621878, 101100.657087, 101100.655685, 118964.391670, 118964.405144, 118964.409634, 73298.655560, 73298.690712, 35950.850924, 35950.860955, 35950.859910, 82557.909698, 82557.910496, 82557.911794, 124293.676646, 124293.649685, 102821.034780, 102821.047172, 102821.038465, 103788.980089 ],
		"time": [ 11.993896, 29.965024, 34.097082, 25.242074, 50.382524, 50.455218, 44.820072, 44.823167 | 31.896742, 32.000600, 27.799886, 26.471388, 26.754576, 28.132857, 30.865094, 28.031812, 29.320378, 30.896729, 22.640463, 28.235585, 27.357386, 22.677200, 21.755817, 27.736944, 18.967890, 19.131037, 18.714357, 19.144992, 18.992722, 18.220306, 18.599924, 18.680413, 19.305609, 18.212543, 18.297173, 19.175355, 19.134249, 18.400585, 18.730068, 18.849106, 18.310542, 19.192080, 18.668276, 18.914392, 18.889765, 18.939962, 18.957470, 18.990790, 19.186069, 18.511788, 18.673919, 18.984006, 18.760623, 18.438766 ],
		"startTime": "2021-05-03 20:23:27.503126927 +0200 CEST m=+0.013239202",
		"EndTime": "2021-05-03 20:49:33.145313396 +0200 CEST m=+1565.655425715",
		"totalTime":1.565642186513E+03
	},
	{
		"id": "jyjr7v2sqz",
		"nrOfEpochs": 20,
		"epochs": [ 2, 2, 2, 3, 4, 4, 5, 5 | 6, 7, 8, 9, 10, 11, 12, 13, 14, 15, 16, 17, 18, 19 ],
		"loss": [ 1.537602, 1.034783, 0.970241, 0.939617, 0.909726, 0.892831, 0.893708, 0.871269 | 0.886224, 0.880553, 0.875031, 0.869592, 0.864603, 0.860640, 0.857670, 0.855360, 0.853501, 0.851967, 0.850655, 0.849522, 0.848506, 0.847587 ],
		"servers": [ 1, 1, 1, 2, 1, 1, 2, 2 | 1, 1, 1, 1, 1, 1, 1, 1, 1, 1, 1, 1, 1, 1 ],
		"workers": [ 1, 1, 1, 1, 2, 2, 2, 2 | 1, 1, 1, 1, 1, 1, 1, 1, 1, 1, 1, 1, 1, 1 ],
		"cost": [ 0.623314, 60707.510872, 60707.496918, 38357.326755, 123000.067528, 123000.067528, 113155.492141, 113155.492141 | 123.364689, 59247.656083, 59247.614481, 25523.822064, 25523.834618, 13366.888085, 13366.875420, 99374.876796, 24832.563434, 24832.553137, 51285.122842, 47640.489678, 47640.494825, 11195.927047 ],
		"time": [ 10.754830, 25.765575, 25.313708, 25.847008, 66.225490, 66.241147, 54.846253, 54.873947 | 25.871560, 26.466795, 25.045609, 25.855649, 26.274305, 26.658157, 26.238431, 26.570194, 26.462381, 26.112945, 25.156649, 25.094003, 25.264169, 25.228635 ],
		"startTime": "2021-05-03 20:23:27.503126927 +0200 CEST m=+0.013239202",
		"EndTime": "2021-05-03 20:36:32.972896012 +0200 CEST m=+785.483008297",
		"totalTime":7.85469769095E+02
	}
]