[
	{
		"id": "tcvbzuego9",
		"nrOfEpochs": 20,
		"epochs": [ 2, 2, 2, 3, 4, 4, 5, 5 | 6, 7, 8, 9, 10, 11, 12, 13, 14, 15, 16, 17, 18, 19 ],
		"loss": [ 1.537602, 1.034783, 0.970241, 0.939617, 0.892831, 0.909726, 0.893708, 0.871269 | 0.886224, 0.880553, 0.875031, 0.869592, 0.864603, 0.860640, 0.857670, 0.855360, 0.853501, 0.851967, 0.850655, 0.849522, 0.848506, 0.847587 ],
		"servers": [ 1, 1, 1, 2, 1, 1, 2, 2 | 1, 1, 1, 1, 1, 1, 1, 1, 1, 1, 1, 1, 1, 1 ],
		"workers": [ 1, 1, 1, 1, 2, 2, 2, 2 | 1, 1, 1, 1, 1, 1, 1, 1, 1, 1, 1, 1, 1, 1 ],
		"cost": [ 0.602838, 1.186888, 91730.523711, 91731.148371, 105205.413088, 105205.413088, 141910.018110, 141910.018110 | 178.331891, 138368.093555, 46783.648163, 46783.549977, 102696.779520, 102696.793713, 144801.606881, 148778.124397, 148778.117284, 63750.928157, 63750.912258, 69707.370065, 69707.351249, 124502.396638 ],
		"time": [ 10.072573, 29.538361, 31.318999, 36.601693, 50.372461, 50.410735, 33.975578, 33.996731 | 31.660142, 31.286820, 32.619626, 29.346195, 28.435919, 28.911143, 27.537012, 29.043778, 28.817579, 29.138925, 29.024247, 28.677607, 28.021477, 27.634083 ],
		"startTime": "2021-05-25 11:15:07.103412944 +0200 CEST m=+0.013718352",
		"EndTime": "2021-05-25 11:27:48.942414274 +0200 CEST m=+761.852719762",
		"totalTime":7.6183900141E+02
	},
	{
		"id": "v50o7r15cs",
		"nrOfEpochs": 20,
		"epochs": [ 2, 2, 2, 3, 4, 4, 5, 5 | 6, 7, 8, 9, 10, 11, 12, 13, 14, 15, 16, 17, 18, 19 ],
		"loss": [ 1.537602, 1.034783, 0.970241, 0.939617, 0.909726, 0.892831, 0.871269, 0.893708 | 0.886224, 0.880553, 0.875031, 0.869592, 0.864603, 0.860640, 0.857670, 0.855360, 0.853501, 0.851967, 0.850655, 0.849522, 0.848506, 0.847587 ],
		"servers": [ 1, 1, 1, 2, 1, 1, 2, 2 | 1, 1, 1, 1, 1, 1, 1, 1, 1, 1, 1, 1, 1, 1 ],
		"workers": [ 1, 1, 1, 1, 2, 2, 2, 2 | 1, 1, 1, 1, 1, 1, 1, 1, 1, 1, 1, 1, 1, 1 ],
		"cost": [ 0.627960, 1.299433, 95908.262557, 58563.904438, 156452.804497, 156452.804497, 173486.135841, 173486.135841 | 88805.466402, 102863.291205, 63546.256913, 105811.995196, 105811.982841, 70894.333646, 70894.346481, 72353.726162, 73032.657448, 73032.658951, 63367.735735, 93466.149789, 93466.124879, 57108.261198 ],
		"time": [ 10.911015, 33.293150, 33.788242, 33.608165, 62.829267, 62.843466, 46.161630, 46.176586 | 33.833767, 33.448579, 33.502064, 34.134651, 33.688618, 33.704836, 34.133491, 33.785310, 34.063395, 34.116909, 33.628435, 33.951954, 33.120837, 33.227048 ],
		"startTime": "2021-05-25 11:15:07.103412944 +0200 CEST m=+0.013718352",
		"EndTime": "2021-05-25 11:28:50.858582633 +0200 CEST m=+823.768888148",
		"totalTime":8.23755169796E+02
	},
	{
		"id": "90do1puqk3",
		"nrOfEpochs": 52,
		"epochs": [ 2, 2, 2, 3, 4, 4, 5, 5 | 6, 7, 8, 9, 10, 11, 12, 13, 14, 15, 16, 17, 18, 19, 20, 21, 22, 23, 24, 25, 26, 27, 28, 29, 30, 31, 32, 33, 34, 35, 36, 37, 38, 39, 40, 41, 42, 43, 44, 45, 46, 47, 48, 49, 50, 51 ],
		"loss": [ 1.537602, 1.133112, 1.074253, 1.044879, 1.003999, 0.959362, 0.983012, 0.924943 | 0.978038, 0.969871, 0.963045, 0.960979, 0.956266, 0.951906, 0.947795, 0.943782, 0.939754, 0.935704, 0.931620, 0.927493, 0.923260, 0.918905, 0.914358, 0.909744, 0.905212, 0.900858, 0.896840, 0.893186, 0.889918, 0.886898, 0.884119, 0.881551, 0.879188, 0.876995, 0.874950, 0.873031, 0.871179, 0.869406, 0.867656, 0.865971, 0.864332, 0.862730, 0.861162, 0.859638, 0.858185, 0.856781, 0.855421, 0.854125, 0.852897, 0.851723, 0.850646, 0.849648, 0.848695, 0.847818 ],
		"servers": [ 1, 1, 1, 2, 1, 1, 2, 2 | 1, 1, 1, 1, 1, 1, 1, 1, 1, 1, 1, 1, 1, 1, 1, 1, 1, 1, 1, 1, 1, 1, 1, 1, 1, 1, 1, 1, 1, 1, 1, 1, 1, 1, 1, 1, 1, 1, 1, 1, 1, 1, 1, 1, 1, 1 ],
		"workers": [ 1, 1, 1, 1, 2, 2, 2, 2 | 1, 1, 1, 1, 1, 1, 1, 1, 1, 1, 1, 1, 1, 1, 1, 1, 1, 1, 1, 1, 1, 1, 1, 1, 1, 1, 1, 1, 1, 1, 1, 1, 1, 1, 1, 1, 1, 1, 1, 1, 1, 1, 1, 1, 1, 1 ],
		"cost": [ 0.655388, 1.132827, 44933.596952, 44934.038828, 70793.562598, 70793.562598, 79877.415025, 79877.415025 | 44.715620, 98369.960773, 101708.626286, 101708.548738, 46726.688902, 46726.701926, 76915.729350, 76915.728684, 95400.036890, 96185.823742, 96185.832938, 55394.842899, 55394.863208, 101141.453969, 101141.405847, 103373.766806, 103373.774894, 58036.498444, 58036.516216, 80853.963222, 80853.962598, 80853.948516, 84637.205695, 84637.200917, 88737.331375, 88737.326510, 26934.248702, 26934.248573, 62916.482847, 62916.460265, 69435.106848, 69435.099543, 69435.108605, 72024.238886, 72024.238604, 34844.549324, 34844.562726, 52318.103774, 52318.113510, 78724.305550, 78724.297221, 78724.295917, 93066.617230, 93066.646553, 100602.636100, 100602.604208 ],
		"time": [ 11.824534, 27.740826, 28.831527, 30.176039, 34.306541, 34.347633, 28.628088, 28.644331 | 31.558726, 29.563042, 31.136306, 28.545034, 28.090048, 28.527218, 30.654378, 30.631848, 30.110921, 30.774968, 31.079168, 28.355868, 29.052978, 27.002571, 25.399931, 23.787855, 24.062866, 23.374671, 23.966266, 23.936880, 23.916293, 23.252709, 23.864215, 23.708040, 23.810517, 23.647632, 23.346649, 23.342167, 24.160391, 23.408910, 23.808142, 23.561470, 23.866977, 23.847621, 23.841569, 23.446940, 23.892131, 23.006146, 23.326067, 24.199138, 23.922383, 23.878740, 23.139705, 24.116884, 23.952881, 22.908419 ],
		"startTime": "2021-05-25 11:15:07.103412944 +0200 CEST m=+0.013718352",
		"EndTime": "2021-05-25 11:42:04.152458973 +0200 CEST m=+1617.062764504",
		"totalTime":1.617049046152E+03
	}
]