[
	{
		"id": "gvur6zpkt9",
		"nrOfEpochs": 52,
		"epochs": [ 2, 2, 2, 3, 4, 4, 5, 5 | 6, 7, 8, 9, 10, 11, 12, 13, 14, 15, 16, 17, 18, 19, 20, 21, 22, 23, 24, 25, 26, 27, 28, 29, 30, 31, 32, 33, 34, 35, 36, 37, 38, 39, 40, 41, 42, 43, 44, 45, 46, 47, 48, 49, 50, 51 ],
		"loss": [ 1.537602, 1.133112, 1.074253, 1.044879, 0.959362, 1.003999, 0.983012, 0.924943 | 0.978038, 0.969871, 0.966083, 0.960979, 0.956266, 0.951906, 0.947795, 0.943782, 0.939754, 0.935704, 0.931620, 0.927493, 0.923260, 0.918905, 0.914358, 0.909744, 0.905212, 0.900858, 0.896840, 0.893186, 0.889918, 0.886898, 0.884119, 0.881551, 0.879188, 0.876995, 0.874950, 0.873031, 0.871179, 0.869406, 0.867656, 0.865971, 0.864332, 0.862730, 0.861162, 0.859638, 0.858185, 0.856781, 0.855421, 0.854125, 0.852897, 0.851723, 0.850646, 0.849648, 0.848695, 0.847818 ],
		"servers": [ 1, 1, 1, 2, 1, 1, 2, 2 | 1, 1, 1, 1, 1, 1, 1, 1, 1, 1, 1, 1, 1, 1, 1, 1, 1, 1, 1, 1, 1, 1, 1, 1, 1, 1, 1, 1, 1, 1, 1, 1, 1, 1, 1, 1, 1, 1, 1, 1, 1, 1, 1, 1, 1, 1 ],
		"workers": [ 1, 1, 1, 1, 2, 2, 2, 2 | 1, 1, 1, 1, 1, 1, 1, 1, 1, 1, 1, 1, 1, 1, 1, 1, 1, 1, 1, 1, 1, 1, 1, 1, 1, 1, 1, 1, 1, 1, 1, 1, 1, 1, 1, 1, 1, 1, 1, 1, 1, 1, 1, 1, 1, 1 ],
		"cost": [ 0.658715, 72700.928195, 72700.960200, 78569.188815, 71253.232966, 71253.232966, 150559.656241, 150559.656241 | 75603.171993, 83831.843088, 58142.931927, 58142.960484, 77213.182024, 77213.168711, 95685.719288, 47739.802557, 47739.798633, 36285.017045, 36284.897005, 103719.255036, 76757.187420, 76757.194884, 103850.249799, 103850.279631, 49829.065058, 49829.065194, 64849.108551, 64849.118289, 66840.247012, 66840.237402, 73860.977392, 73860.975250, 49318.598145, 49318.577632, 66776.783842, 66776.788454, 39405.748286, 39405.744264, 102721.429531, 102721.448715, 75817.503575, 75817.499471, 61920.570458, 61920.576031, 98556.478730, 98556.471112, 109160.108712, 109160.091305, 77153.377475, 77153.398913, 110306.964862, 110306.972794, 110549.524875, 110549.504032 ],
		"time": [ 11.939052, 27.134482, 28.203652, 27.369373, 29.368486, 29.371652, 28.624144, 28.630361 | 26.056336, 27.488937, 27.154780, 28.115493, 27.080187, 26.514763, 27.562065, 27.466815, 27.331291, 30.027815, 26.023959, 26.089438, 25.414502, 25.660560, 25.453477, 26.428821, 26.091875, 26.096236, 25.958660, 26.066567, 26.396361, 25.953512, 26.137454, 26.067048, 26.594539, 25.891721, 26.026941, 26.180736, 25.924458, 25.790142, 25.674487, 26.315301, 26.133818, 25.994958, 25.331878, 25.515211, 26.171755, 25.918974, 26.185471, 25.604121, 25.408060, 26.120740, 25.748065, 26.011045, 26.454390, 25.760412 ],
		"startTime": "2021-05-04 15:58:29.442530512 +0200 CEST m=+0.013843096",
		"EndTime": "2021-05-04 16:26:17.816736687 +0200 CEST m=+1668.388049317",
		"totalTime":1.668374206221E+03
	},
	{
		"id": "um3gth2kot",
		"nrOfEpochs": 52,
		"epochs": [ 2, 2, 2, 3, 4, 4, 5, 5 | 6, 7, 8, 9, 10, 11, 12, 13, 14, 15, 16, 17, 18, 19, 20, 21, 22, 23, 24, 25, 26, 27, 28, 29, 30, 31, 32, 33, 34, 35, 36, 37, 38, 39, 40, 41, 42, 43, 44, 45, 46, 47, 48, 49, 50, 51 ],
		"loss": [ 1.537602, 1.133112, 1.074253, 1.044879, 1.003999, 0.959362, 0.924943, 0.983012 | 0.978038, 0.969871, 0.963045, 0.960979, 0.956266, 0.951906, 0.947795, 0.943782, 0.939754, 0.935704, 0.931620, 0.927493, 0.923260, 0.918905, 0.914358, 0.909744, 0.905212, 0.900858, 0.896840, 0.893186, 0.889918, 0.886898, 0.884119, 0.881551, 0.879188, 0.876995, 0.874950, 0.873031, 0.871179, 0.869406, 0.867656, 0.865971, 0.864332, 0.862730, 0.861162, 0.859638, 0.858185, 0.856781, 0.855421, 0.854125, 0.852897, 0.851723, 0.850646, 0.849648, 0.848695, 0.847818 ],
		"servers": [ 1, 1, 1, 2, 1, 1, 2, 2 | 1, 1, 1, 1, 1, 1, 1, 1, 1, 1, 1, 1, 1, 1, 1, 1, 1, 1, 1, 1, 1, 1, 1, 1, 1, 1, 1, 1, 1, 1, 1, 1, 1, 1, 1, 1, 1, 1, 1, 1, 1, 1, 1, 1, 1, 1 ],
		"workers": [ 1, 1, 1, 1, 2, 2, 2, 2 | 1, 1, 1, 1, 1, 1, 1, 1, 1, 1, 1, 1, 1, 1, 1, 1, 1, 1, 1, 1, 1, 1, 1, 1, 1, 1, 1, 1, 1, 1, 1, 1, 1, 1, 1, 1, 1, 1, 1, 1, 1, 1, 1, 1, 1, 1 ],
		"cost": [ 0.658698, 73772.414461, 73772.369859, 55113.066110, 47873.741063, 47873.741063, 138632.962074, 138632.962074 | 64850.212188, 111847.441021, 70478.368366, 70478.334585, 95983.593490, 95983.613075, 71081.955066, 72914.865253, 72914.889240, 50756.864769, 50756.808200, 82436.150045, 82436.165661, 107174.021818, 107174.021224, 82137.166982, 82137.203395, 92386.907025, 92386.897882, 103223.521950, 103223.507319, 62990.710218, 65192.923496, 65192.931758, 100772.855367, 100772.860641, 55950.771186, 55950.751534, 46479.965954, 46479.936953, 49170.063314, 49170.043784, 57734.179021, 57734.175946, 70331.450552, 70331.403527, 95528.754214, 95528.729368, 53465.431759, 53465.450179, 52721.322663, 52721.297221, 98391.799674, 98391.808570, 81014.864185, 81014.892595 ],
		"time": [ 11.935770, 28.085528, 26.596815, 26.531862, 30.952213, 30.987565, 32.738681, 32.754941 | 27.106748, 27.632059, 27.789736, 26.660618, 27.179063, 27.829025, 27.310421, 27.482829, 28.289175, 27.699199, 25.809457, 27.046397, 27.572312, 26.505215, 26.482072, 26.012189, 27.226186, 26.812478, 26.506224, 26.625510, 26.138659, 26.492779, 26.460398, 26.737811, 25.990567, 26.169946, 26.777249, 26.122306, 26.765376, 25.797847, 26.705285, 26.055290, 26.965726, 26.846805, 28.160930, 26.596711, 27.025741, 26.196428, 26.204520, 26.818003, 27.024796, 26.175064, 26.761860, 27.053480, 25.823390, 26.770196 ],
		"startTime": "2021-05-04 15:58:29.442530512 +0200 CEST m=+0.013843096",
		"EndTime": "2021-05-04 16:26:07.365768419 +0200 CEST m=+1657.937081036",
		"totalTime":1.65792323794E+03
	}
]