[
	{
		"id": "osctclx1gn",
		"nrOfEpochs": 20,
		"epochs": [ 2, 2, 2, 3, 4, 4, 5, 5 | 6, 7, 8, 9, 10, 11, 12, 13, 14, 15, 16, 17, 18, 19 ],
		"loss": [ 1.537602, 1.034783, 0.970241, 0.939617, 0.892831, 0.909726, 0.871269, 0.893708 | 0.886224, 0.880553, 0.875031, 0.869592, 0.864603, 0.860640, 0.857670, 0.855360, 0.853501, 0.851967, 0.850655, 0.849522, 0.848506, 0.847587 ],
		"servers": [ 1, 1, 1, 2, 1, 1, 2, 2 | 1, 1, 1, 1, 1, 1, 1, 1, 1, 1, 1, 1, 1, 1 ],
		"workers": [ 1, 1, 1, 1, 2, 2, 2, 2 | 1, 1, 1, 1, 1, 1, 1, 1, 1, 1, 1, 1, 1, 1 ],
		"cost": [ 0.650864, 105856.987374, 105856.937965, 103708.997772, 84638.692453, 84638.692453, 160752.839744, 160752.839744 | 73595.453127, 62938.767523, 53156.147292, 109797.054240, 109796.998761, 68222.078488, 104803.435224, 104803.413226, 94449.775018, 82220.522216, 72954.508046, 72954.515381, 67738.847305, 105167.551717 ],
		"time": [ 11.674803, 36.639756, 34.992452, 34.225012, 40.901939, 40.909972, 39.397556, 39.402420 | 36.145492, 37.656784, 35.380637, 37.668542, 35.801881, 38.064169, 36.838783, 36.101437, 35.411155, 37.638555, 36.275218, 36.498767, 36.616510, 38.072339 ],
		"startTime": "2021-05-05 11:43:25.927365692 +0200 CEST m=+0.013481233",
		"EndTime": "2021-05-05 11:57:22.278005006 +0200 CEST m=+836.364120582",
		"totalTime":8.36350639349E+02
	},
	{
		"id": "iu2qxvu7fg",
		"nrOfEpochs": 52,
		"epochs": [ 2, 2, 2, 3, 4, 4, 5, 5 | 6, 7, 8, 9, 10, 11, 12, 13, 14, 15, 16, 17, 18, 19, 20, 21, 22, 23, 24, 25, 26, 27, 28, 29, 30, 31, 32, 33, 34, 35, 36, 37, 38, 39, 40, 41, 42, 43, 44, 45, 46, 47, 48, 49, 50, 51 ],
		"loss": [ 1.537602, 1.133112, 1.074253, 1.044879, 1.003999, 0.959362, 0.924943, 0.983012 | 0.978038, 0.969871, 0.963045, 0.960979, 0.956266, 0.951906, 0.947795, 0.943782, 0.939754, 0.935704, 0.931620, 0.927493, 0.923260, 0.918905, 0.914358, 0.909744, 0.905212, 0.900858, 0.896840, 0.893186, 0.889918, 0.886898, 0.884119, 0.881551, 0.879188, 0.876995, 0.874950, 0.873031, 0.871179, 0.869406, 0.867656, 0.865971, 0.864332, 0.862730, 0.861162, 0.859638, 0.858185, 0.856781, 0.855421, 0.854125, 0.852897, 0.851723, 0.850646, 0.849648, 0.848695, 0.847818 ],
		"servers": [ 1, 1, 1, 2, 1, 1, 2, 2 | 1, 2, 1, 1, 2, 1, 1, 2, 1, 2, 1, 1, 1, 2, 1, 1, 1, 2, 2, 2, 2, 2, 2, 2, 2, 2, 2, 2, 2, 2, 2, 2, 2, 2, 2, 2, 2, 2, 2, 2, 2, 2, 2, 2, 2, 2 ],
		"workers": [ 1, 1, 1, 1, 2, 2, 2, 2 | 1, 1, 1, 1, 1, 1, 1, 1, 1, 1, 1, 1, 1, 1, 1, 1, 1, 1, 1, 1, 1, 1, 1, 1, 1, 1, 1, 1, 1, 1, 1, 1, 1, 1, 1, 1, 1, 1, 1, 1, 1, 1, 1, 1, 1, 1 ],
		"cost": [ 0.658403, 66927.506308, 66927.474144, 78722.654203, 71782.323227, 71782.323227, 83788.296039, 83788.296039 | 50.505488, 53618.992027, 45835.493333, 61983.746203, 61984.025916, 99837.264486, 99837.270359, 95960.957299, 70311.709473, 70312.047207, 86072.465001, 86072.442228, 69887.262673, 69887.606210, 107279.958801, 107279.933606, 98672.906176, 24102.591668, 24102.471800, 24102.479860, 77765.611413, 77765.613558, 77765.622628, 123529.281370, 123529.252716, 79928.893941, 79928.870771, 79928.871913, 135001.596880, 135001.590890, 135001.582859, 115004.936961, 115004.920613, 115004.915509, 84037.488059, 84037.498091, 94607.511394, 94607.509413, 94607.495624, 44420.666594, 44420.654798, 44420.637688, 120991.777036, 120991.782577, 120991.767374, 55364.259123 ],
		"time": [ 11.928021, 26.992208, 26.023247, 24.694167, 31.233415, 31.235007, 24.561505, 24.563425 | 28.052271, 25.120355, 25.575976, 28.317765, 25.738297, 25.976860, 26.172544, 25.323595, 27.444637, 26.520527, 26.220983, 25.467911, 27.675554, 26.840041, 26.045684, 25.204038, 26.319599, 21.100258, 18.108818, 18.309934, 18.140214, 18.199859, 18.424669, 18.554988, 17.837976, 18.524877, 17.949341, 17.955847, 18.334935, 18.186739, 17.983372, 18.371934, 17.963496, 17.836307, 18.072363, 18.323235, 18.162722, 18.115107, 17.769262, 18.528027, 18.231771, 17.787837, 18.072017, 18.214276, 17.829200, 18.442332 ],
		"startTime": "2021-05-05 11:43:25.927365692 +0200 CEST m=+0.013481233",
		"EndTime": "2021-05-05 12:07:39.950157835 +0200 CEST m=+1454.036273415",
		"totalTime":1.454022792182E+03
	}
]