[
	{
		"id": "y4gdz7zbcp",
		"nrOfEpochs": 15,
		"epochs": [ 2, 2, 2, 3, 4, 4, 5, 5 | 6, 6, 7, 7, 8, 8, 9, 9, 10, 10, 11, 11, 12, 12, 13, 13, 14, 14 ],
		"loss": [ 1.537602, 1.034783, 0.970241, 0.939617, 0.892831, 0.909726, 0.893708, 0.871269 | 0.861142, 0.883478, 0.875235, 0.854904, 0.850104, 0.864973, 0.846174, 0.858278, 0.842719, 0.852449, 0.852918, 0.839560, 0.836528, 0.844835, 0.845258, 0.833655, 0.830803, 0.838216 ],
		"servers": [ 1, 1, 1, 2, 1, 1, 2, 2 | 1, 1, 1, 1, 1, 1, 1, 1, 1, 1, 1, 1, 1, 1, 1, 1, 1, 1 ],
		"workers": [ 1, 1, 1, 1, 2, 2, 2, 2 | 2, 2, 2, 2, 2, 2, 2, 2, 2, 2, 2, 2, 2, 2, 2, 2, 2, 2 ],
		"cost": [ 0.648825, 71799.836285, 71799.867138, 74717.786863, 79612.090965, 79612.090965, 132634.287804, 132634.287804 | 110598.499792, 110598.499792, 106010.493096, 106010.493096, 78575.467261, 78575.467261, 26409.948147, 26409.948147, 88094.101306, 88094.101306, 140942.790865, 140942.790865, 149336.162057, 149336.162057, 146631.447628, 146631.447628, 151341.195983, 151341.195983 ],
		"time": [ 11.607236, 33.755383, 34.782486, 34.211916, 59.381006, 59.390583, 53.218369, 53.221927 | 60.986290, 60.995085, 58.337768, 58.341369, 58.439561, 58.467560, 59.393783, 59.401598, 59.829730, 59.837144, 59.081617, 59.092700, 58.168994, 58.171628, 58.422147, 58.430646, 53.849681, 53.878518 ],
		"startTime": "2021-05-25 12:14:37.522173538 +0200 CEST m=+0.013478563",
		"EndTime": "2021-05-25 12:29:25.87346029 +0200 CEST m=+888.364765362",
		"totalTime":8.88351286799E+02
	},
	{
		"id": "cr30ltj1z0",
		"nrOfEpochs": 14,
		"epochs": [ 2, 2, 2, 3, 4, 4, 5, 5 | 6, 6, 7, 7, 8, 8, 9, 9, 10, 10, 11, 11, 12, 12, 13, 13 ],
		"loss": [ 1.537602, 1.034783, 0.970241, 0.939617, 0.892831, 0.909726, 0.871269, 0.893708 | 0.883478, 0.861142, 0.854904, 0.872900, 0.850104, 0.864506, 0.846174, 0.857717, 0.858280, 0.842719, 0.839560, 0.848890, 0.849433, 0.836528, 0.833655, 0.841613 ],
		"servers": [ 1, 1, 1, 2, 1, 1, 2, 2 | 1, 1, 1, 1, 1, 1, 1, 1, 1, 1, 1, 1, 1, 1, 1, 1 ],
		"workers": [ 1, 1, 1, 1, 2, 2, 2, 2 | 2, 2, 2, 2, 2, 2, 2, 2, 2, 2, 2, 2, 2, 2, 2, 2 ],
		"cost": [ 0.601820, 57735.613721, 57735.575472, 139376.692198, 129651.130806, 129651.130806, 119990.631804, 119990.631804 | 101526.435506, 101526.435506, 61843.634293, 61843.634293, 68898.838320, 68898.838320, 72367.003171, 72367.003171, 120069.594514, 120069.594514, 122186.203339, 122186.203339, 176431.592122, 176431.592122, 128317.724685, 128317.724685 ],
		"time": [ 10.041969, 27.081321, 25.802823, 33.692086, 44.196255, 44.213424, 57.640887, 57.655756 | 65.156524, 65.159651, 56.682848, 56.741935, 52.061003, 52.105506, 60.723256, 60.728463, 71.076280, 71.094617, 64.365120, 64.399203, 49.724364, 49.764586, 60.756975, 60.773015 ],
		"startTime": "2021-05-25 12:14:37.522173538 +0200 CEST m=+0.013478563",
		"EndTime": "2021-05-25 12:28:36.70392886 +0200 CEST m=+839.195233930",
		"totalTime":8.39181755367E+02
	},
	{
		"id": "fbgxanamgw",
		"nrOfEpochs": 14,
		"epochs": [ 2, 2, 2, 3, 4, 4, 5, 5 | 6, 6, 7, 7, 8, 8, 9, 9, 10, 10, 11, 11, 12, 12, 13, 13 ],
		"loss": [ 1.537602, 1.034783, 0.970241, 0.939617, 0.892831, 0.909726, 0.893708, 0.871269 | 0.861142, 0.883478, 0.875235, 0.854904, 0.868315, 0.850104, 0.846174, 0.858946, 0.842719, 0.853252, 0.839560, 0.848130, 0.836528, 0.844038, 0.833655, 0.840382 ],
		"servers": [ 1, 1, 1, 2, 1, 1, 2, 2 | 1, 1, 1, 1, 1, 1, 1, 1, 1, 1, 1, 1, 1, 1, 1, 1 ],
		"workers": [ 1, 1, 1, 1, 2, 2, 2, 2 | 2, 2, 2, 2, 2, 2, 2, 2, 2, 2, 2, 2, 2, 2, 2, 2 ],
		"cost": [ 0.649924, 62555.616571, 102462.272142, 102462.826348, 131956.704767, 131956.704767, 177846.566963, 177846.566963 | 126266.256727, 126266.256727, 147533.317280, 147533.317280, 153582.093968, 153582.093968, 133586.221279, 133586.221279, 129349.205204, 129349.205204, 129011.441495, 129011.441495, 149681.860008, 149681.860008, 165985.158564, 165985.158564 ],
		"time": [ 11.639749, 37.075475, 35.780954, 38.180006, 80.811729, 80.840149, 47.047638, 47.054600 | 80.771269, 80.801805, 75.926695, 75.930875, 77.533360, 77.570549, 80.158398, 80.175206, 85.108154, 85.151527, 87.573165, 87.613585, 56.576143, 56.608869, 46.025823, 46.031966 ],
		"startTime": "2021-05-25 12:14:37.522173538 +0200 CEST m=+0.013478563",
		"EndTime": "2021-05-25 12:30:28.796990036 +0200 CEST m=+951.288295107",
		"totalTime":9.51274816544E+02
	}
]