[
	{
		"id": "i42i0pic63",
		"nrOfEpochs": 52,
		"epochs": [ 2, 2, 2, 3, 4, 4, 5, 5 | 6, 7, 8, 9, 10, 11, 12, 13, 14, 15, 16, 17, 18, 19, 20, 21, 22, 23, 24, 25, 26, 27, 28, 29, 30, 31, 32, 33, 34, 35, 36, 37, 38, 39, 40, 41, 42, 43, 44, 45, 46, 47, 48, 49, 50, 51 ],
		"loss": [ 1.537602, 1.133112, 1.074253, 1.044879, 0.959362, 1.003999, 0.924943, 0.983012 | 0.978038, 0.969871, 0.966083, 0.960979, 0.956266, 0.951906, 0.947795, 0.943782, 0.939754, 0.935704, 0.931620, 0.927493, 0.923260, 0.918905, 0.914358, 0.909744, 0.905212, 0.900858, 0.896840, 0.893186, 0.889918, 0.886898, 0.884119, 0.881551, 0.879188, 0.876995, 0.874950, 0.873031, 0.871179, 0.869406, 0.867656, 0.865971, 0.864332, 0.862730, 0.861162, 0.859638, 0.858185, 0.856781, 0.855421, 0.854125, 0.852897, 0.851723, 0.850646, 0.849648, 0.848695, 0.847818 ],
		"servers": [ 1, 1, 1, 2, 1, 1, 2, 2 | 2, 2, 2, 2, 2, 2, 2, 2, 2, 2, 2, 2, 2, 2, 2, 2, 2, 2, 2, 2, 2, 2, 2, 2, 2, 2, 2, 2, 2, 2, 2, 2, 2, 2, 2, 2, 2, 2, 2, 2, 2, 2, 2, 2, 2, 2 ],
		"workers": [ 1, 1, 1, 1, 2, 2, 2, 2 | 1, 1, 1, 1, 1, 1, 1, 1, 1, 1, 1, 1, 1, 1, 1, 1, 1, 1, 1, 1, 1, 1, 1, 1, 1, 1, 1, 1, 1, 1, 1, 1, 1, 1, 1, 1, 1, 1, 1, 1, 1, 1, 1, 1, 1, 1 ],
		"cost": [ 249.865066, 250.260894, 250.244376, 93435.250020, 106257.341387, 106257.341387, 106258.129316, 106258.129316 | 34166.809538, 34166.794575, 63046.540878, 63046.533118, 58244.524389, 58244.503009, 110992.814373, 110992.811434, 97143.836884, 24200.184488, 24200.150177, 77521.648265, 77521.537831, 73165.179767, 73165.222369, 82115.258853, 74760.685214, 74760.670858, 24181.420710, 24181.427613, 40133.261380, 40133.298869, 92547.920746, 42722.450478, 42722.465937, 43572.321027, 43572.327302, 102871.090128, 77904.505805, 77904.514229, 75149.587059, 75149.590450, 76149.797707, 76149.816569, 76043.251627, 76050.380300, 76050.364853, 34851.214398, 34851.183155, 52203.817080, 52203.804501, 102522.625220, 30812.187934, 30812.163614, 70159.826847, 70159.834491 ],
		"time": [ 11.818757, 25.013684, 24.462236, 24.456578, 25.599581, 25.619550, 34.210975, 34.248008 | 25.782916, 25.415074, 24.882530, 24.687319, 26.133746, 25.593441, 25.849530, 25.772653, 25.348216, 26.846207, 25.989691, 26.058486, 23.305161, 24.952546, 25.988866, 25.808719, 25.663632, 25.308127, 26.018551, 25.985455, 25.480532, 26.414250, 26.415992, 25.387551, 25.780302, 25.997944, 26.173628, 25.938589, 26.266071, 26.473066, 25.888533, 25.977809, 25.590989, 26.063613, 26.254547, 26.648884, 26.262263, 26.514701, 25.737926, 26.328009, 26.015128, 26.070628, 26.453668, 25.846261, 25.904678, 26.096059 ],
		"startTime": "2021-05-25 11:42:52.467423227 +0200 CEST m=+0.013196893",
		"EndTime": "2021-05-25 12:13:09.559192621 +0200 CEST m=+1817.104966346",
		"totalTime":1.817091769453E+03
	},
	{
		"id": "mhmhq6kgel",
		"nrOfEpochs": 20,
		"epochs": [ 2, 2, 2, 3, 4, 4, 5, 5 | 6, 7, 8, 9, 10, 11, 12, 13, 14, 15, 16, 17, 18, 19 ],
		"loss": [ 1.537602, 1.034783, 0.970241, 0.939617, 0.892831, 0.909726, 0.893708, 0.871269 | 0.886224, 0.880553, 0.875031, 0.869592, 0.864603, 0.860640, 0.857670, 0.855360, 0.853501, 0.851967, 0.850655, 0.849522, 0.848506, 0.847587 ],
		"servers": [ 1, 1, 1, 2, 1, 1, 2, 2 | 2, 2, 2, 2, 2, 2, 2, 2, 2, 2, 2, 2, 2, 2 ],
		"workers": [ 1, 1, 1, 1, 2, 2, 2, 2 | 1, 1, 1, 1, 1, 1, 1, 1, 1, 1, 1, 1, 1, 1 ],
		"cost": [ 0.591295, 6037.570809, 121663.813115, 121664.168864, 112064.602255, 112064.602255, 96153.129920, 96153.129920 | 27274.228086, 117260.153098, 117260.124027, 20690.427491, 126206.926608, 126207.007521, 126832.133885, 147232.898785, 147233.028508, 38105.363145, 81283.864382, 81283.575923, 94126.759019, 85177.577563 ],
		"time": [ 9.685879, 33.342237, 35.338488, 32.889731, 46.618897, 46.641042, 34.459544, 34.465978 | 39.417768, 34.702067, 33.975233, 35.787168, 32.696316, 34.920344, 32.387410, 30.074276, 33.311857, 35.998544, 37.603004, 30.380828, 31.333355, 28.640681 ],
		"startTime": "2021-05-25 11:42:52.467423227 +0200 CEST m=+0.013196893",
		"EndTime": "2021-05-25 11:56:30.31121322 +0200 CEST m=+817.856986939",
		"totalTime":8.17843790046E+02
	},
	{
		"id": "ejsr4ym68n",
		"nrOfEpochs": 52,
		"epochs": [ 2, 2, 2, 3, 4, 4, 5, 5 | 6, 7, 8, 9, 10, 11, 12, 13, 14, 15, 16, 17, 18, 19, 20, 21, 22, 23, 24, 25, 26, 27, 28, 29, 30, 31, 32, 33, 34, 35, 36, 37, 38, 39, 40, 41, 42, 43, 44, 45, 46, 47, 48, 49, 50, 51 ],
		"loss": [ 1.537602, 1.133112, 1.074253, 1.044879, 1.003999, 0.959362, 0.983012, 0.924943 | 0.978038, 0.969871, 0.963045, 0.960979, 0.956266, 0.951906, 0.947795, 0.943782, 0.939754, 0.935704, 0.931620, 0.927493, 0.923260, 0.918905, 0.914358, 0.909744, 0.905212, 0.900858, 0.896840, 0.893186, 0.889918, 0.886898, 0.884119, 0.881551, 0.879188, 0.876995, 0.874950, 0.873031, 0.871179, 0.869406, 0.867656, 0.865971, 0.864332, 0.862730, 0.861162, 0.859638, 0.858185, 0.856781, 0.855421, 0.854125, 0.852897, 0.851723, 0.850646, 0.849648, 0.848695, 0.847818 ],
		"servers": [ 1, 1, 1, 2, 1, 1, 2, 2 | 2, 2, 2, 2, 2, 2, 2, 2, 2, 2, 2, 2, 2, 2, 2, 2, 2, 2, 2, 2, 2, 2, 2, 2, 2, 2, 2, 2, 2, 2, 2, 2, 2, 2, 2, 2, 2, 2, 2, 2, 2, 2, 2, 2, 2, 2 ],
		"workers": [ 1, 1, 1, 1, 2, 2, 2, 2 | 1, 1, 1, 1, 1, 1, 1, 1, 1, 1, 1, 1, 1, 1, 1, 1, 1, 1, 1, 1, 1, 1, 1, 1, 1, 1, 1, 1, 1, 1, 1, 1, 1, 1, 1, 1, 1, 1, 1, 1, 1, 1, 1, 1, 1, 1 ],
		"cost": [ 0.654931, 1.236373, 105436.526246, 105436.980162, 100845.221915, 100845.221915, 50571.492687, 50571.492687 | 28058.731684, 28058.624869, 103930.393595, 113901.688426, 113901.602311, 55658.240009, 55658.413429, 87844.517033, 69499.515605, 69499.342033, 72359.037303, 88479.672759, 88479.401977, 80560.472828, 80560.585320, 108297.895574, 71494.933385, 71494.965780, 79484.910724, 79484.947098, 106862.227684, 64128.361982, 64128.314922, 65127.759298, 65127.724554, 94305.551167, 94305.528000, 109296.391909, 82785.899527, 82785.877723, 31875.185067, 31875.187191, 100976.308940, 86939.074586, 86939.083873, 47841.949960, 47841.954762, 59579.773420, 59579.775084, 103187.995874, 79608.162663, 79608.171739, 46279.010213, 46279.008775, 67297.449742, 67297.458195 ],
		"time": [ 11.812259, 31.191354, 32.452816, 33.173242, 39.223920, 39.292542, 30.236693, 30.307594 | 35.483997, 32.801689, 33.947850, 30.646805, 28.502399, 29.885680, 34.216461, 31.588858, 31.493438, 27.158851, 32.022998, 37.540841, 30.775105, 29.713589, 32.528218, 26.421926, 25.896196, 26.704302, 25.247779, 26.156394, 25.469283, 26.326084, 25.150381, 26.618708, 25.749717, 26.243996, 25.662661, 27.418435, 26.202897, 25.653561, 25.886144, 25.937205, 26.221102, 25.798322, 26.032522, 25.699224, 25.813413, 26.207615, 26.248847, 25.461226, 25.548415, 25.774445, 25.838590, 25.836136, 22.841738, 23.052463 ],
		"startTime": "2021-05-25 11:42:52.467423227 +0200 CEST m=+0.013196893",
		"EndTime": "2021-05-25 12:14:04.57528882 +0200 CEST m=+1872.121062534",
		"totalTime":1.872107865641E+03
	}
]