[
	{
		"id": "5y466aif6n",
		"nrOfEpochs": 52,
		"epochs": [ 2, 2, 2, 3, 4, 4, 5, 5 | 6, 7, 8, 9, 10, 11, 12, 13, 14, 15, 16, 17, 18, 19, 20, 21, 22, 23, 24, 25, 26, 27, 28, 29, 30, 31, 32, 33, 34, 35, 36, 37, 38, 39, 40, 41, 42, 43, 44, 45, 46, 47, 48, 49, 50, 51 ],
		"loss": [ 1.537602, 1.133112, 1.074253, 1.044879, 1.003999, 0.959362, 0.924943, 0.983012 | 0.978038, 0.969871, 0.963045, 0.960979, 0.956266, 0.951906, 0.947795, 0.943782, 0.939754, 0.935704, 0.931620, 0.927493, 0.923260, 0.918905, 0.914358, 0.909744, 0.905212, 0.900858, 0.896840, 0.893186, 0.889918, 0.886898, 0.884119, 0.881551, 0.879188, 0.876995, 0.874950, 0.873031, 0.871179, 0.869406, 0.867656, 0.865971, 0.864332, 0.862730, 0.861162, 0.859638, 0.858185, 0.856781, 0.855421, 0.854125, 0.852897, 0.851723, 0.850646, 0.849648, 0.848695, 0.847818 ],
		"servers": [ 1, 1, 1, 2, 1, 1, 2, 2 | 1, 1, 1, 1, 1, 1, 1, 1, 1, 1, 1, 1, 1, 1, 1, 1, 1, 1, 1, 1, 1, 1, 1, 1, 1, 1, 1, 1, 1, 1, 1, 1, 1, 1, 1, 1, 1, 1, 1, 1, 1, 1, 1, 1, 1, 1 ],
		"workers": [ 1, 1, 1, 1, 2, 2, 2, 2 | 1, 1, 1, 1, 1, 1, 1, 1, 1, 1, 1, 1, 1, 1, 1, 1, 1, 1, 1, 1, 1, 1, 1, 1, 1, 1, 1, 1, 1, 1, 1, 1, 1, 1, 1, 1, 1, 1, 1, 1, 1, 1, 1, 1, 1, 1 ],
		"cost": [ 0.659330, 1.110973, 82822.850965, 82823.241868, 94469.113221, 94469.113221, 104483.525652, 104483.525652 | 12735.269758, 12735.234395, 55090.285991, 34488.004233, 34487.996775, 74167.700118, 98505.825111, 98505.847687, 97490.783097, 97490.770990, 21924.183697, 21924.195119, 71352.179852, 71352.177549, 95749.877773, 80776.956463, 80776.925032, 45059.201246, 45059.229800, 32709.629688, 32709.628652, 101036.622138, 104781.461128, 104781.480368, 28521.460620, 28521.325023, 43324.129605, 43324.176815, 64280.763925, 64280.768081, 59736.711424, 59736.718309, 103149.561527, 103149.554187, 87802.939473, 87802.929014, 43617.518580, 32899.918250, 32899.973356, 63690.345571, 63690.346683, 100698.201416, 100698.146572, 103323.773116, 103323.722758, 75799.545416 ],
		"time": [ 11.954389, 27.012951, 26.917566, 27.449693, 44.549241, 44.577746, 46.181749, 46.200465 | 27.685294, 26.507728, 27.645727, 27.725340, 27.475101, 26.665773, 25.924138, 26.677914, 26.590335, 26.107267, 26.180069, 26.564934, 26.601672, 26.528878, 26.137390, 27.138299, 26.092245, 26.131027, 27.086690, 26.653091, 26.622019, 26.388216, 25.878768, 26.517727, 30.473089, 25.957073, 25.120381, 26.694178, 26.223780, 26.357932, 26.052006, 26.279555, 26.425998, 26.182389, 26.393533, 26.042452, 27.509049, 26.034437, 27.868019, 26.294194, 26.326831, 27.897753, 26.069386, 27.543334, 25.861634, 23.905544 ],
		"startTime": "2021-05-05 13:55:16.936216157 +0200 CEST m=+0.013684609",
		"EndTime": "2021-05-05 14:24:44.261610357 +0200 CEST m=+1767.339078846",
		"totalTime":1.767325394237E+03
	},
	{
		"id": "3knbtlc56e",
		"nrOfEpochs": 52,
		"epochs": [ 2, 2, 2, 3, 4, 4, 5, 5 | 6, 7, 8, 9, 10, 11, 12, 13, 14, 15, 16, 17, 18, 19, 20, 21, 22, 23, 24, 25, 26, 27, 28, 29, 30, 31, 32, 33, 34, 35, 36, 37, 38, 39, 40, 41, 42, 43, 44, 45, 46, 47, 48, 49, 50, 51 ],
		"loss": [ 1.537602, 1.133112, 1.074253, 1.044879, 0.959362, 1.003999, 0.983012, 0.924943 | 0.978038, 0.969871, 0.966083, 0.960979, 0.956266, 0.951906, 0.947795, 0.943782, 0.939754, 0.935704, 0.931620, 0.927493, 0.923260, 0.918905, 0.914358, 0.909744, 0.905212, 0.900858, 0.896840, 0.893186, 0.889918, 0.886898, 0.884119, 0.881551, 0.879188, 0.876995, 0.874950, 0.873031, 0.871179, 0.869406, 0.867656, 0.865971, 0.864332, 0.862730, 0.861162, 0.859638, 0.858185, 0.856781, 0.855421, 0.854125, 0.852897, 0.851723, 0.850646, 0.849648, 0.848695, 0.847818 ],
		"servers": [ 1, 1, 1, 2, 1, 1, 2, 2 | 1, 1, 1, 1, 1, 1, 1, 1, 1, 1, 1, 1, 1, 1, 1, 1, 1, 1, 1, 1, 1, 1, 1, 1, 1, 1, 1, 1, 1, 1, 1, 1, 1, 1, 1, 1, 1, 1, 1, 1, 1, 1, 1, 1, 1, 1 ],
		"workers": [ 1, 1, 1, 1, 2, 2, 2, 2 | 1, 1, 1, 1, 1, 1, 1, 1, 1, 1, 1, 1, 1, 1, 1, 1, 1, 1, 1, 1, 1, 1, 1, 1, 1, 1, 1, 1, 1, 1, 1, 1, 1, 1, 1, 1, 1, 1, 1, 1, 1, 1, 1, 1, 1, 1 ],
		"cost": [ 0.656710, 1.090745, 83653.115042, 83653.468761, 97954.581757, 97954.581757, 110405.378485, 110405.378485 | 52464.594909, 52464.587047, 58076.337119, 58076.326280, 80782.333399, 80782.391875, 91504.452230, 53438.044386, 53438.055783, 47926.184461, 47926.169468, 19919.678099, 19919.683481, 58298.207817, 58298.190342, 101937.585926, 51838.822416, 51838.812271, 29509.748660, 29509.743019, 49215.190434, 49215.152606, 100139.594184, 51376.798732, 51376.800729, 100682.405753, 100682.406860, 95864.815743, 95864.824598, 87386.786156, 87386.800777, 72627.541827, 72627.554672, 96207.285870, 96207.269310, 86407.246056, 86407.228750, 80690.878335, 95329.991076, 95329.990830, 52562.250982, 52562.265556, 39169.902699, 39169.874564, 39063.567878, 39063.580819 ],
		"time": [ 11.867362, 26.338989, 25.739728, 25.639883, 45.772723, 45.782343, 47.508761, 47.510967 | 26.527253, 26.265247, 25.914893, 25.556829, 24.305362, 26.252346, 26.133943, 25.746012, 26.122377, 26.190203, 25.686529, 25.527797, 25.705104, 26.336092, 25.762501, 24.951440, 25.860463, 25.524935, 26.045841, 25.913291, 26.555687, 25.294304, 25.845168, 25.797405, 25.864209, 25.447197, 25.485079, 25.768634, 26.056027, 26.326884, 26.819794, 26.226200, 26.655991, 26.221696, 25.673725, 26.171902, 25.596408, 26.472004, 25.476101, 25.450995, 25.430254, 25.914489, 26.233005, 25.349566, 25.273877, 25.714021 ],
		"startTime": "2021-05-05 13:55:16.936216157 +0200 CEST m=+0.013684609",
		"EndTime": "2021-05-05 14:24:10.993292053 +0200 CEST m=+1734.070760559",
		"totalTime":1.73405707595E+03
	},
	{
		"id": "16a43jydcx",
		"nrOfEpochs": 52,
		"epochs": [ 2, 2, 2, 3, 4, 4, 5, 5 | 6, 7, 8, 9, 10, 11, 12, 13, 14, 15, 16, 17, 18, 19, 20, 21, 22, 23, 24, 25, 26, 27, 28, 29, 30, 31, 32, 33, 34, 35, 36, 37, 38, 39, 40, 41, 42, 43, 44, 45, 46, 47, 48, 49, 50, 51 ],
		"loss": [ 1.537602, 1.133112, 1.074253, 1.044879, 1.003999, 0.959362, 0.983012, 0.924943 | 0.978038, 0.969871, 0.963045, 0.960979, 0.956266, 0.951906, 0.947795, 0.943782, 0.939754, 0.935704, 0.931620, 0.927493, 0.923260, 0.918905, 0.914358, 0.909744, 0.905212, 0.900858, 0.896840, 0.893186, 0.889918, 0.886898, 0.884119, 0.881551, 0.879188, 0.876995, 0.874950, 0.873031, 0.871179, 0.869406, 0.867656, 0.865971, 0.864332, 0.862730, 0.861162, 0.859638, 0.858185, 0.856781, 0.855421, 0.854125, 0.852897, 0.851723, 0.850646, 0.849648, 0.848695, 0.847818 ],
		"servers": [ 1, 1, 1, 2, 1, 1, 2, 2 | 1, 1, 1, 1, 2, 1, 1, 1, 1, 1, 2, 1, 2, 1, 1, 2, 1, 1, 1, 2, 2, 1, 2, 2, 2, 2, 1, 2, 2, 2, 2, 2, 2, 1, 1, 1, 2, 2, 2, 2, 2, 2, 2, 2, 2, 2 ],
		"workers": [ 1, 1, 1, 1, 2, 2, 2, 2 | 1, 1, 1, 1, 1, 1, 1, 1, 1, 1, 1, 1, 1, 1, 1, 1, 1, 1, 1, 1, 1, 1, 1, 1, 1, 1, 1, 1, 1, 1, 1, 1, 1, 1, 1, 1, 1, 1, 1, 1, 1, 1, 1, 1, 1, 1 ],
		"cost": [ 0.664606, 1.163231, 98590.589802, 101408.673075, 93327.899696, 93327.899696, 82770.956625, 82770.956625 | 46.587685, 35211.668307, 35211.653321, 79325.714209, 79326.058253, 61064.225381, 61064.236050, 102483.594112, 102483.604227, 78249.273150, 89702.752195, 83036.567852, 58813.298324, 58812.968405, 81810.328698, 81810.705116, 44795.121233, 61272.058572, 61272.071224, 72626.062674, 72626.067362, 84535.101010, 84535.427305, 97119.943800, 97119.965255, 76589.959939, 55565.534521, 55565.806919, 81309.280047, 81309.316649, 76953.711545, 76953.666646, 54523.438471, 49209.193222, 98088.151873, 98088.163183, 98411.005026, 98410.983703, 100760.258388, 86644.223279, 86644.231779, 66807.172869, 66807.191775, 70152.530746, 70152.538685, 51664.080027 ],
		"time": [ 12.131299, 28.753379, 27.422475, 26.949606, 31.832818, 31.864872, 27.159363, 27.183534 | 29.478030, 27.388434, 26.866418, 27.631469, 26.817631, 26.245541, 26.600125, 27.155646, 27.489847, 27.902197, 25.477191, 28.072058, 26.666673, 27.723861, 26.205393, 26.552677, 26.941962, 27.190095, 27.615451, 26.100975, 26.216883, 26.974166, 25.882209, 25.662317, 26.200241, 26.314229, 27.509125, 24.946194, 25.957847, 26.858174, 26.737523, 25.601762, 26.817931, 25.514699, 26.824168, 27.193286, 26.032537, 25.499651, 26.107741, 25.432595, 25.641302, 24.514055, 24.986227, 26.079842, 26.278654, 23.973355 ],
		"startTime": "2021-05-05 13:55:16.936216157 +0200 CEST m=+0.013684609",
		"EndTime": "2021-05-05 14:24:28.746476752 +0200 CEST m=+1751.823945271",
		"totalTime":1.751810260662E+03
	}
]