[
	{
		"id": "6761amcmrs",
		"nrOfEpochs": 92,
		"epochs": [ 2, 2, 2, 3, 4, 4, 5, 5 | 6, 7, 8, 9, 10, 11, 12, 13, 14, 15, 16, 17, 18, 19, 20, 21, 22, 23, 24, 25, 26, 27, 28, 29, 30, 31, 32, 33, 34, 35, 36, 37, 38, 39, 40, 41, 42, 43, 44, 45, 46, 47, 48, 49, 50, 51, 52, 53, 54, 55, 56, 57, 58, 59, 60, 61, 62, 63, 64, 65, 66, 67, 68, 69, 70, 71, 72, 73, 74, 75, 76, 77, 78, 79, 80, 81, 82, 83, 84, 85, 86, 87, 88, 89, 90, 91 ],
		"loss": [ 1.537602, 1.133112, 1.074253, 1.044879, 0.959362, 1.003999, 0.983012, 0.924943 | 0.978038, 0.969871, 0.966083, 0.960979, 0.956266, 0.951906, 0.947795, 0.943782, 0.939754, 0.935704, 0.931620, 0.927493, 0.923260, 0.918905, 0.914358, 0.909744, 0.905212, 0.900858, 0.896840, 0.893186, 0.889918, 0.886898, 0.884119, 0.881551, 0.879188, 0.876995, 0.874950, 0.873031, 0.871179, 0.869406, 0.867656, 0.865971, 0.864332, 0.862730, 0.861162, 0.859638, 0.858185, 0.856781, 0.855421, 0.854125, 0.852897, 0.851723, 0.850646, 0.849648, 0.848695, 0.847818, 0.846981, 0.846218, 0.845482, 0.844775, 0.844113, 0.843464, 0.842847, 0.842256, 0.841674, 0.841109, 0.840563, 0.840024, 0.839502, 0.838997, 0.838514, 0.838030, 0.837570, 0.837104, 0.836646, 0.836190, 0.835721, 0.835262, 0.834807, 0.834359, 0.833921, 0.833501, 0.833099, 0.832724, 0.832363, 0.832018, 0.831698, 0.831391, 0.831096, 0.830821, 0.830551, 0.830295, 0.830052, 0.829824, 0.829592, 0.829370 ],
		"servers": [ 1, 1, 1, 2, 1, 1, 2, 2 | 1, 1, 1, 1, 1, 1, 1, 1, 1, 1, 1, 1, 1, 1, 1, 1, 1, 1, 1, 1, 1, 1, 1, 1, 1, 1, 1, 1, 1, 1, 1, 1, 1, 1, 1, 1, 1, 1, 1, 1, 1, 1, 1, 1, 1, 1, 1, 1, 1, 1, 1, 1, 1, 1, 1, 1, 1, 1, 1, 1, 1, 1, 1, 1, 1, 1, 1, 1, 1, 1, 1, 1, 1, 1, 1, 1, 1, 1, 1, 1, 1, 1, 1, 1, 1, 1 ],
		"workers": [ 1, 1, 1, 1, 2, 2, 2, 2 | 1, 1, 1, 1, 1, 1, 1, 1, 1, 1, 1, 1, 1, 1, 1, 1, 1, 1, 1, 1, 1, 1, 1, 1, 1, 1, 1, 1, 1, 1, 1, 1, 1, 1, 1, 1, 1, 1, 1, 1, 1, 1, 1, 1, 1, 1, 1, 1, 1, 1, 1, 1, 1, 1, 1, 1, 1, 1, 1, 1, 1, 1, 1, 1, 1, 1, 1, 1, 1, 1, 1, 1, 1, 1, 1, 1, 1, 1, 1, 1, 1, 1, 1, 1, 1, 1 ],
		"cost": [ 0.670137, 1.187632, 105666.938087, 111292.640993, 102219.329263, 102219.329263, 116168.644393, 116168.644393 | 73475.162112, 73475.187053, 57681.634256, 57681.685326, 94422.606753, 104661.187725, 104661.205377, 26571.004625, 26570.948780, 112111.852761, 112111.798893, 30501.186552, 30501.203093, 103337.107283, 86597.773091, 86597.794100, 79794.400871, 79794.433264, 77846.799022, 82410.055941, 82410.049541, 40589.381262, 93013.884561, 93013.857695, 37271.947952, 37271.915274, 65513.582981, 84651.143171, 84651.168952, 41858.793369, 41858.768093, 39053.371832, 39053.364736, 57202.649419, 57202.655879, 86370.663393, 86370.516255, 49774.075933, 49774.069648, 28774.761060, 28774.745003, 56603.231868, 56603.222489, 60629.288648, 60629.324474, 50000.460114, 50000.437376, 50000.437395, 101333.306127, 101333.310607, 81339.912275, 81339.905412, 44576.719742, 44576.727677, 60409.926337, 60409.936413, 68506.183673, 68506.162343, 79757.550706, 79757.563504, 79757.562275, 50885.505977, 50885.509723, 96363.293172, 96363.302616, 57845.027723, 57845.018851, 65646.516714, 65646.503602, 24990.461215, 24990.450774, 99848.912561, 99848.917177, 99848.904505, 90545.535733, 90545.559979, 101710.532517, 101710.535424, 60886.618675, 60886.604627, 34757.948679, 34757.949013, 52318.094058, 52318.099046, 47013.748955, 47013.753416 ],
		"time": [ 12.323259, 29.573675, 29.246700, 32.102797, 30.993262, 31.011320, 29.087503, 29.110523 | 28.760784, 29.593843, 28.078886, 29.783898, 28.958171, 28.376949, 28.961865, 29.410689, 27.544008, 27.353158, 25.560401, 27.907713, 28.456686, 28.578670, 28.504821, 29.204857, 28.124508, 29.204511, 32.229515, 31.295310, 31.079696, 31.135067, 29.433730, 28.537595, 30.098327, 29.010853, 31.011461, 29.599378, 30.458531, 28.326813, 27.482454, 27.098062, 26.860658, 27.737255, 27.952595, 28.542865, 23.640253, 23.619123, 23.410590, 24.092739, 23.560686, 23.821590, 23.507351, 23.550513, 24.744491, 24.276608, 23.516519, 23.517702, 23.672466, 23.820309, 23.788708, 23.559733, 23.175503, 23.444015, 23.063476, 23.400809, 23.873553, 23.162085, 23.038176, 23.463592, 23.423312, 23.736204, 23.881001, 23.685749, 23.997912, 23.565093, 23.442176, 23.783168, 23.344261, 23.970510, 23.620313, 23.561249, 23.694771, 23.292652, 23.606849, 24.415217, 23.865342, 23.961134, 23.967743, 23.501609, 23.398001, 23.408075, 23.470706, 23.615078, 23.382014, 23.529848 ],
		"startTime": "2021-04-29 19:54:09.354209782 +0200 CEST m=+0.013497093",
		"EndTime": "2021-04-29 20:41:46.742815934 +0200 CEST m=+2857.402103286",
		"totalTime":2.857388606193E+03
	},
	{
		"id": "41igakrra1",
		"nrOfEpochs": 40,
		"epochs": [ 2, 2, 2, 3, 4, 4, 5, 5 | 6, 7, 8, 9, 10, 11, 12, 13, 14, 15, 16, 17, 18, 19, 20, 21, 22, 23, 24, 25, 26, 27, 28, 29, 30, 31, 32, 33, 34, 35, 36, 37, 38, 39 ],
		"loss": [ 1.537602, 1.034783, 0.970241, 0.939617, 0.892831, 0.909726, 0.871269, 0.893708 | 0.886224, 0.880553, 0.875031, 0.869592, 0.864603, 0.860640, 0.857670, 0.855360, 0.853501, 0.851967, 0.850655, 0.849522, 0.848506, 0.847587, 0.846727, 0.845904, 0.845105, 0.844324, 0.843554, 0.842810, 0.842064, 0.841264, 0.840435, 0.839555, 0.838633, 0.837611, 0.836491, 0.835229, 0.833847, 0.832357, 0.830839, 0.829428, 0.828194, 0.827167 ],
		"servers": [ 1, 1, 1, 2, 1, 1, 2, 2 | 1, 1, 1, 1, 1, 1, 1, 1, 1, 1, 1, 1, 1, 1, 1, 1, 1, 1, 1, 1, 1, 1, 1, 1, 1, 1, 1, 1, 1, 1, 1, 1, 1, 1 ],
		"workers": [ 1, 1, 1, 1, 2, 2, 2, 2 | 1, 1, 1, 1, 1, 1, 1, 1, 1, 1, 1, 1, 1, 1, 1, 1, 1, 1, 1, 1, 1, 1, 1, 1, 1, 1, 1, 1, 1, 1, 1, 1, 1, 1 ],
		"cost": [ 0.602422, 1.248538, 101613.925443, 122060.865703, 110091.485372, 110091.485372, 126869.942064, 126869.942064 | 27637.172508, 27637.118874, 147051.221762, 146054.713642, 146054.715149, 62856.464217, 62856.493151, 48382.383321, 48382.400432, 144167.991492, 141346.987969, 141347.040105, 128397.822922, 128397.849005, 148844.436984, 89557.414921, 89557.492808, 117558.894080, 41865.567299, 41865.558017, 119080.883173, 54623.106180, 54623.023080, 124686.282128, 124686.313989, 144857.984642, 44001.392828, 44001.367501, 134537.195790, 134537.221488, 139747.029012, 119577.700163, 119577.745889, 61981.652217 ],
		"time": [ 10.056241, 31.601409, 30.716368, 35.365139, 40.147054, 40.208319, 33.690813, 33.704843 | 31.805659, 30.030386, 30.044642, 30.121772, 30.172682, 29.082342, 30.051147, 29.417937, 29.987202, 27.987539, 29.907248, 31.645661, 30.519815, 31.385967, 31.639800, 31.989932, 34.585834, 32.394612, 31.822583, 31.515396, 32.403690, 32.758679, 29.973935, 28.862939, 29.921041, 30.533734, 30.786495, 29.941294, 28.627771, 29.485427, 29.379491, 29.942709, 31.467216, 30.592233 ],
		"startTime": "2021-04-29 19:54:09.354209782 +0200 CEST m=+0.013497093",
		"EndTime": "2021-04-29 20:18:37.037006048 +0200 CEST m=+1467.696293400",
		"totalTime":1.467682796307E+03
	}
]