[
	{
		"id": "9ivc91lzaj",
		"nrOfEpochs": 15,
		"epochs": [ 2, 2, 2, 3, 4, 4, 5, 5 | 6, 6, 7, 7, 8, 8, 9, 9, 10, 10, 11, 11, 12, 12, 13, 13, 14, 14 ],
		"loss": [ 1.537602, 1.034783, 0.970241, 0.939617, 0.892831, 0.909726, 0.893708, 0.871269 | 0.861142, 0.883478, 0.875235, 0.854904, 0.850104, 0.864973, 0.846174, 0.858278, 0.842719, 0.852449, 0.852918, 0.839560, 0.849185, 0.836528, 0.833655, 0.842369, 0.840259, 0.830803 ],
		"servers": [ 1, 1, 1, 2, 1, 1, 2, 2 | 2, 2, 2, 2, 2, 2, 2, 2, 2, 2, 2, 2, 2, 2, 2, 2, 2, 2 ],
		"workers": [ 1, 1, 1, 1, 2, 2, 2, 2 | 2, 2, 2, 2, 2, 2, 2, 2, 2, 2, 2, 2, 2, 2, 2, 2, 2, 2 ],
		"cost": [ 0.597394, 5806.001088, 5805.999573, 77263.984335, 153763.754089, 153763.754089, 181805.561301, 181805.561301 | 148.303266, 148.303266, 146554.783636, 146554.783636, 29159.555754, 29159.555754, 64270.538776, 64270.538776, 82911.036533, 82911.036533, 91327.995007, 91327.995007, 169748.440086, 169748.440086, 122539.222395, 122539.222395, 170611.905007, 170611.905007 ],
		"time": [ 9.894233, 25.250831, 25.205102, 25.290852, 44.879328, 44.907008, 40.491175, 40.500487 | 47.104061, 47.126665, 44.204543, 44.218754, 41.114844, 41.125181, 45.363327, 45.373301, 43.648893, 43.655778, 40.924174, 40.954508, 45.945279, 46.011997, 46.846960, 46.906979, 44.086385, 44.115537 ],
		"startTime": "2021-05-03 12:19:45.344039332 +0200 CEST m=+0.013401836",
		"EndTime": "2021-05-03 12:32:33.719236052 +0200 CEST m=+768.388598595",
		"totalTime":7.68375196759E+02
	},
	{
		"id": "ski876120y",
		"nrOfEpochs": 15,
		"epochs": [ 2, 2, 2, 3, 4, 4, 5, 5 | 6, 6, 7, 7, 8, 8, 9, 9, 10, 10, 11, 11, 12, 12, 13, 13, 14, 14 ],
		"loss": [ 1.537602, 1.034783, 0.970241, 0.939617, 0.892831, 0.909726, 0.871269, 0.893708 | 0.861142, 0.883478, 0.875235, 0.854904, 0.850104, 0.864973, 0.862687, 0.846174, 0.842719, 0.853331, 0.839560, 0.848894, 0.836528, 0.844206, 0.833655, 0.840569, 0.830803, 0.837152 ],
		"servers": [ 1, 1, 1, 2, 1, 1, 2, 2 | 2, 2, 2, 2, 2, 2, 2, 2, 2, 2, 2, 2, 2, 2, 2, 2, 2, 2 ],
		"workers": [ 1, 1, 1, 1, 2, 2, 2, 2 | 2, 2, 2, 2, 2, 2, 2, 2, 2, 2, 2, 2, 2, 2, 2, 2, 2, 2 ],
		"cost": [ 0.635632, 27647.316739, 78538.767342, 78539.223381, 45732.284667, 45732.284667, 94837.631905, 94837.631905 | 38488.304926, 38488.304926, 161139.612276, 161139.612276, 153678.032200, 153678.032200, 170398.604433, 170398.604433, 152767.097865, 152767.097865, 150812.135309, 150812.135309, 133068.321365, 133068.321365, 59786.632519, 59786.632519, 38019.137990, 38019.137990 ],
		"time": [ 11.166824, 34.205461, 34.361301, 34.659691, 57.244457, 57.453692, 41.261859, 41.282919 | 53.565414, 53.572223, 57.023192, 57.061993, 53.125645, 53.126691, 47.835154, 47.843642, 54.298406, 54.309996, 57.961358, 57.998754, 54.901848, 54.941191, 52.534071, 52.534062, 42.967754, 42.969106 ],
		"startTime": "2021-05-03 12:19:45.344039332 +0200 CEST m=+0.013401836",
		"EndTime": "2021-05-03 12:33:50.033871368 +0200 CEST m=+844.703233908",
		"totalTime":8.44689832072E+02
	},
	{
		"id": "rur05t26w6",
		"nrOfEpochs": 19,
		"epochs": [ 2, 2, 2, 3, 4, 4, 5, 5 | 6, 6, 7, 7, 8, 8, 9, 9, 10, 10, 11, 11, 12, 12, 13, 13, 14, 14, 15, 15, 16, 16, 17, 17, 18, 18 ],
		"loss": [ 1.537602, 1.133112, 1.074253, 1.044879, 0.959362, 1.003999, 0.924943, 0.983012 | 0.969425, 0.903073, 0.956890, 0.888352, 0.877131, 0.918974, 0.867958, 0.901861, 0.860266, 0.885238, 0.886859, 0.853946, 0.848764, 0.867015, 0.868364, 0.844291, 0.840288, 0.853744, 0.836667, 0.848671, 0.833387, 0.842551, 0.830409, 0.838337, 0.838671, 0.827639 ],
		"servers": [ 1, 1, 1, 2, 1, 1, 2, 2 | 2, 2, 2, 2, 2, 2, 2, 2, 2, 2, 2, 2, 2, 2, 2, 2, 2, 2, 2, 2, 2, 2, 2, 2, 2, 2 ],
		"workers": [ 1, 1, 1, 1, 2, 2, 2, 2 | 2, 2, 2, 2, 2, 2, 2, 2, 2, 2, 2, 2, 2, 2, 2, 2, 2, 2, 2, 2, 2, 2, 2, 2, 2, 2 ],
		"cost": [ 0.657886, 33059.251784, 33059.255795, 65612.949735, 112087.555632, 112087.555632, 112088.038424, 112088.038424 | 157.993775, 157.993775, 40673.183900, 40673.183900, 40673.383646, 40673.383646, 201982.444626, 201982.444626, 12951.869133, 12951.869133, 81878.115696, 81878.115696, 190391.501522, 190391.501522, 190391.243549, 190391.243549, 67687.314497, 67687.314497, 131870.889501, 131870.889501, 131870.688332, 131870.688332, 116805.088663, 116805.088663, 166186.975951, 166186.975951 ],
		"time": [ 11.909449, 26.172977, 26.307233, 25.050653, 35.528424, 35.529522, 36.063663, 36.073277 | 41.051256, 41.124390, 29.209711, 29.237236, 33.350933, 33.381983, 33.036469, 33.051893, 32.880932, 32.894297, 35.929370, 35.941152, 35.729153, 35.733319, 30.557637, 30.564884, 31.501934, 31.503867, 33.574184, 33.576402, 29.548332, 29.552683, 33.597071, 33.604142, 28.632570, 28.635138 ],
		"startTime": "2021-05-03 12:19:45.344039332 +0200 CEST m=+0.013401836",
		"EndTime": "2021-05-03 12:33:23.754043768 +0200 CEST m=+818.423410169",
		"totalTime":8.18410008333E+02
	}
]