[
	{
		"id": "lljgf1hiwv",
		"nrOfEpochs": 48,
		"epochs": [ 2, 2, 2, 2, 2, 2, 3, 4, 4, 5, 5 | 6, 7, 8, 9, 10, 11, 12, 13, 14, 15, 16, 17, 18, 19, 20, 21, 22, 23, 24, 25, 26, 27, 28, 29, 30, 31, 32, 33, 34, 35, 36, 37, 38, 39, 40, 41, 42, 43, 44, 45, 46, 47 ],
		"loss": [ 1.537602, 1.337008, 1.091003, 0.961101, 1.007815, 0.995440, 0.985936, 0.906550, 0.969063, 0.890596, 0.949517 | 0.940332, 0.931212, 0.936144, 0.929560, 0.937353, 0.934920, 0.932230, 0.927969, 0.923605, 0.919094, 0.914354, 0.909587, 0.904943, 0.900590, 0.896613, 0.893027, 0.889751, 0.886743, 0.884028, 0.881539, 0.879274, 0.877175, 0.875205, 0.873314, 0.871500, 0.869743, 0.868040, 0.866359, 0.864693, 0.863081, 0.861532, 0.860010, 0.858531, 0.857111, 0.855734, 0.854425, 0.853188, 0.852016, 0.850898, 0.849851, 0.848881, 0.847960 ],
		"servers": [ 1, 1, 1, 1, 1, 1, 2, 1, 1, 2, 2 | 1, 1, 1, 1, 1, 1, 1, 1, 1, 1, 1, 1, 1, 1, 1, 1, 1, 1, 1, 1, 1, 1, 1, 1, 1, 1, 1, 1, 1, 1, 1, 1, 1, 1, 1, 1, 1, 1, 1, 1, 1, 1 ],
		"workers": [ 1, 1, 1, 1, 1, 1, 1, 2, 2, 2, 2 | 1, 1, 1, 1, 1, 1, 1, 1, 1, 1, 1, 1, 1, 1, 1, 1, 1, 1, 1, 1, 1, 1, 1, 1, 1, 1, 1, 1, 1, 1, 1, 1, 1, 1, 1, 1, 1, 1, 1, 1, 1, 1 ],
		"cost": [ 253.905895, 252.895393, 71688.589397, 71689.549038, 152868.204738, 152868.236075, 46833.128821, 46833.289622, 46833.289622, 188781.041339, 188781.041339 | 21836.552893, 21836.480048, 15601.204526, 15601.166870, 26006.230218, 26006.166033, 26006.217443, 116245.663752, 116245.674162, 47886.137488, 47886.125516, 150197.470687, 58701.694643, 58701.694007, 43781.726168, 43781.721061, 42289.032063, 42289.011040, 42289.017822, 116891.392281, 116891.379391, 101051.920336, 101051.920268, 101051.916268, 80038.742174, 80038.738873, 80038.756112, 118217.797403, 118217.804993, 118217.796101, 87523.882929, 87523.881273, 83240.566578, 83240.564093, 83240.571753, 55161.130429, 55161.115411, 55161.126620, 105307.505461, 105307.520778, 84940.082426, 84940.075842 ],
		"time": [ 42.110295, 8.426981, 17.524340, 49.509139, 20.555910, 21.595783, 28.708340, 32.725714, 32.726694, 36.342941, 36.349994 | 22.077179, 19.650954, 22.016452, 20.767280, 21.348484, 19.205293, 20.922520, 20.744029, 21.085936, 21.055960, 20.657909, 22.846423, 19.928582, 19.907803, 21.037762, 20.878704, 19.285720, 18.589319, 18.815928, 18.828519, 18.396963, 19.108120, 19.107162, 18.974164, 18.853974, 18.744413, 19.317394, 18.940853, 19.191735, 18.898681, 18.969295, 18.912356, 18.882209, 18.801238, 19.058056, 18.938068, 18.434188, 18.782231, 18.862813, 19.368594, 19.100201, 18.881489 ],
		"startTime": "2021-05-11 13:28:53.036823799 +0200 CEST m=+0.013616706",
		"EndTime": "2021-05-11 13:52:39.737313942 +0200 CEST m=+1426.714106968",
		"totalTime":1.426700490262E+03
	},
	{
		"id": "thqzt61kxh",
		"nrOfEpochs": 20,
		"epochs": [ 2, 2, 2, 3, 4, 4, 5, 5 | 6, 7, 8, 9, 10, 11, 12, 13, 14, 15, 16, 17, 18, 19 ],
		"loss": [ 1.537602, 1.034783, 0.970241, 0.939617, 0.909726, 0.892831, 0.871269, 0.893708 | 0.886224, 0.880553, 0.875031, 0.869592, 0.864603, 0.860640, 0.857670, 0.855360, 0.853501, 0.851967, 0.850655, 0.849522, 0.848506, 0.847587 ],
		"servers": [ 1, 1, 1, 2, 1, 1, 2, 2 | 1, 2, 2, 1, 2, 1, 2, 1, 2, 1, 2, 1, 2, 2 ],
		"workers": [ 1, 1, 1, 1, 2, 2, 2, 2 | 1, 1, 1, 1, 1, 1, 1, 1, 1, 1, 1, 1, 1, 1 ],
		"cost": [ 284.517840, 285.221604, 111853.964685, 111854.009170, 136170.868770, 136170.868770, 183025.190654, 183025.190654 | 7958.861304, 43748.484719, 43748.499444, 99288.914328, 99289.269383, 92208.719393, 14188.936231, 117052.833382, 117053.212102, 103104.751170, 77138.841295, 65418.039654, 108631.671839, 168328.954889 ],
		"time": [ 10.893524, 34.345454, 33.999167, 24.102776, 62.164037, 62.169836, 47.872204, 47.922961 | 34.725081, 24.374976, 24.742299, 34.181296, 32.004715, 34.309693, 31.878974, 33.107805, 31.771508, 33.384834, 32.310644, 33.448859, 23.969772, 25.040461 ],
		"startTime": "2021-05-11 13:28:53.036823799 +0200 CEST m=+0.013616706",
		"EndTime": "2021-05-11 13:44:18.379655087 +0200 CEST m=+925.356448026",
		"totalTime":9.2534283132E+02
	},
	{
		"id": "mcn6h0fuvn",
		"nrOfEpochs": 20,
		"epochs": [ 2, 2, 2, 3, 4, 4, 5, 5 | 6, 7, 8, 9, 10, 11, 12, 13, 14, 15, 16, 17, 18, 19 ],
		"loss": [ 1.537602, 1.034783, 0.970241, 0.939617, 0.909726, 0.892831, 0.893708, 0.871269 | 0.886224, 0.880553, 0.875031, 0.869592, 0.864603, 0.860640, 0.857670, 0.855360, 0.853501, 0.851967, 0.850655, 0.849522, 0.848506, 0.847587 ],
		"servers": [ 1, 1, 1, 2, 1, 1, 2, 2 | 1, 1, 2, 2, 2, 2, 2, 2, 2, 2, 2, 2, 2, 2 ],
		"workers": [ 1, 1, 1, 1, 2, 2, 2, 2 | 1, 1, 1, 1, 1, 1, 1, 1, 1, 1, 1, 1, 1, 1 ],
		"cost": [ 231.327187, 232.038184, 61618.936191, 61618.969157, 143815.512120, 143815.512120, 155438.273892, 155438.273892 | 5745.230944, 99898.984888, 99899.034129, 161503.373638, 161503.374270, 150464.444507, 150464.477927, 120961.236168, 120961.224372, 172713.526303, 172713.563344, 142260.228317, 29117.837654, 29117.835957 ],
		"time": [ 11.119504, 34.802628, 35.113928, 24.649603, 71.193887, 71.223735, 65.874544, 65.910481 | 35.783047, 34.341731, 24.482149, 24.545813, 24.563373, 23.903222, 24.737723, 24.192598, 23.895061, 24.502771, 25.431480, 24.371984, 24.283674, 24.244147 ],
		"startTime": "2021-05-11 13:28:53.036823799 +0200 CEST m=+0.013616706",
		"EndTime": "2021-05-11 13:42:48.25468662 +0200 CEST m=+835.231479561",
		"totalTime":8.35217862855E+02
	}
]