[
	{
		"id": "6er0kl3at7",
		"nrOfEpochs": 52,
		"epochs": [ 2, 2, 2, 3, 4, 4, 5, 5 | 6, 7, 8, 9, 10, 11, 12, 13, 14, 15, 16, 17, 18, 19, 20, 21, 22, 23, 24, 25, 26, 27, 28, 29, 30, 31, 32, 33, 34, 35, 36, 37, 38, 39, 40, 41, 42, 43, 44, 45, 46, 47, 48, 49, 50, 51 ],
		"loss": [ 1.537602, 1.133112, 1.074253, 1.044879, 1.003999, 0.959362, 0.983012, 0.924943 | 0.978038, 0.969871, 0.963045, 0.960979, 0.956266, 0.951906, 0.947795, 0.943782, 0.939754, 0.935704, 0.931620, 0.927493, 0.923260, 0.918905, 0.914358, 0.909744, 0.905212, 0.900858, 0.896840, 0.893186, 0.889918, 0.886898, 0.884119, 0.881551, 0.879188, 0.876995, 0.874950, 0.873031, 0.871179, 0.869406, 0.867656, 0.865971, 0.864332, 0.862730, 0.861162, 0.859638, 0.858185, 0.856781, 0.855421, 0.854125, 0.852897, 0.851723, 0.850646, 0.849648, 0.848695, 0.847818 ],
		"servers": [ 1, 1, 1, 2, 1, 1, 2, 2 | 1, 1, 1, 1, 1, 1, 1, 1, 2, 1, 1, 1, 1, 1, 1, 2, 1, 1, 1, 2, 2, 2, 2, 1, 2, 1, 2, 2, 2, 2, 2, 2, 2, 2, 1, 2, 2, 2, 1, 1, 2, 1, 1, 1, 1, 1 ],
		"workers": [ 1, 1, 1, 1, 2, 2, 2, 2 | 1, 1, 1, 1, 1, 1, 1, 1, 1, 1, 1, 1, 1, 1, 1, 1, 1, 1, 1, 1, 1, 1, 1, 1, 1, 1, 1, 1, 1, 1, 1, 1, 1, 1, 1, 1, 1, 1, 1, 1, 1, 1, 1, 1, 1, 1 ],
		"cost": [ 0.672816, 72624.897134, 72624.875094, 53048.403375, 137872.706927, 137872.706927, 137873.048324, 137873.048324 | 57191.503338, 71950.245461, 71950.227211, 29002.392166, 29002.408690, 59656.889948, 59656.889356, 99913.628640, 30721.310012, 30720.953510, 82367.194617, 82367.148908, 96007.154056, 96007.174737, 90122.046188, 32419.090621, 24167.741889, 54031.155026, 54031.136296, 31952.157136, 31952.113168, 78827.864832, 78827.940092, 98988.094956, 70202.102087, 63808.552944, 36401.202898, 36401.240600, 36146.664955, 36146.702642, 58331.186193, 58331.194058, 82727.430411, 49574.857807, 42107.825605, 88287.187281, 88287.170715, 94093.683929, 85619.978630, 85509.145203, 38293.129562, 33326.798219, 56652.032958, 56652.071502, 107918.665389, 107918.757125 ],
		"time": [ 12.406841, 28.786987, 28.054504, 25.965495, 38.457695, 38.506250, 35.543064, 35.609239 | 27.916958, 26.340490, 25.732590, 26.278819, 26.829712, 27.740719, 27.721556, 26.958111, 26.230016, 26.438472, 27.650679, 26.128006, 26.799637, 27.488204, 28.244088, 26.019474, 26.313074, 27.167508, 26.565917, 25.436456, 24.343248, 25.872314, 27.749385, 28.284205, 26.614184, 27.984073, 24.869254, 25.810110, 24.861094, 25.811733, 26.050737, 26.243624, 26.765671, 27.471370, 28.287442, 26.019905, 25.607013, 27.620464, 26.252067, 28.698602, 30.667264, 26.549315, 25.683201, 26.950941, 25.512094, 28.571549 ],
		"startTime": "2021-05-10 15:42:35.417879068 +0200 CEST m=+0.013896000",
		"EndTime": "2021-05-10 16:12:08.308027796 +0200 CEST m=+1772.904044773",
		"totalTime":1.772890148773E+03
	},
	{
		"id": "lau64llkxy",
		"nrOfEpochs": 52,
		"epochs": [ 2, 2, 2, 3, 4, 4, 5, 5 | 6, 7, 8, 9, 10, 11, 12, 13, 14, 15, 16, 17, 18, 19, 20, 21, 22, 23, 24, 25, 26, 27, 28, 29, 30, 31, 32, 33, 34, 35, 36, 37, 38, 39, 40, 41, 42, 43, 44, 45, 46, 47, 48, 49, 50, 51 ],
		"loss": [ 1.537602, 1.133112, 1.074253, 1.044879, 0.959362, 1.003999, 0.983012, 0.924943 | 0.978038, 0.969871, 0.966083, 0.960979, 0.956266, 0.951906, 0.947795, 0.943782, 0.939754, 0.935704, 0.931620, 0.927493, 0.923260, 0.918905, 0.914358, 0.909744, 0.905212, 0.900858, 0.896840, 0.893186, 0.889918, 0.886898, 0.884119, 0.881551, 0.879188, 0.876995, 0.874950, 0.873031, 0.871179, 0.869406, 0.867656, 0.865971, 0.864332, 0.862730, 0.861162, 0.859638, 0.858185, 0.856781, 0.855421, 0.854125, 0.852897, 0.851723, 0.850646, 0.849648, 0.848695, 0.847818 ],
		"servers": [ 1, 1, 1, 2, 1, 1, 2, 2 | 1, 1, 1, 1, 1, 1, 1, 1, 1, 1, 1, 1, 1, 1, 1, 1, 1, 1, 1, 1, 1, 1, 1, 1, 1, 1, 1, 1, 1, 1, 1, 1, 1, 1, 1, 1, 1, 1, 1, 1, 1, 1, 1, 1, 1, 1 ],
		"workers": [ 1, 1, 1, 1, 2, 2, 2, 2 | 1, 1, 1, 1, 1, 1, 1, 1, 1, 1, 1, 1, 1, 1, 1, 1, 1, 1, 1, 1, 1, 1, 1, 1, 1, 1, 1, 1, 1, 1, 1, 1, 1, 1, 1, 1, 1, 1, 1, 1, 1, 1, 1, 1, 1, 1 ],
		"cost": [ 0.676345, 67104.525425, 67104.534769, 98588.685950, 86322.196801, 86322.196801, 139164.078266, 139164.078266 | 68527.791857, 36776.092696, 74074.150670, 74074.145922, 48529.738827, 48529.629812, 72958.330599, 11195.704367, 11195.714233, 85980.442240, 85980.394995, 50547.874890, 97453.087185, 97453.127214, 35948.860782, 35948.873736, 45699.198280, 45699.106519, 94167.892819, 50503.441356, 50503.382373, 65485.364534, 65485.350434, 47625.101611, 47625.119400, 70159.217424, 63624.052481, 63624.004279, 86724.148972, 97837.707590, 97837.710027, 56750.020135, 56750.001027, 95603.962078, 56580.183543, 56580.203615, 42619.288484, 42619.264945, 49500.329748, 49500.367357, 105080.539227, 105942.094137, 105942.037455, 53368.233059, 53368.200050, 81128.879264 ],
		"time": [ 12.525268, 30.794802, 31.106788, 29.409014, 39.623424, 39.649475, 38.768109, 38.780224 | 30.905812, 30.430526, 30.895435, 30.730727, 33.126340, 29.488572, 29.585009, 28.645472, 28.975601, 29.054099, 27.479925, 27.093427, 25.526329, 26.862282, 28.086383, 28.504365, 30.699668, 27.641578, 30.205915, 30.032722, 28.071452, 25.752888, 25.280964, 27.733073, 28.327394, 31.231873, 32.086236, 30.477041, 30.058602, 30.654924, 30.737173, 30.039875, 29.439129, 29.376833, 28.952398, 29.620292, 27.964158, 27.184551, 27.908309, 29.165300, 28.642520, 29.947706, 28.058169, 26.941418, 25.843470, 24.122583 ],
		"startTime": "2021-05-10 15:42:35.417879068 +0200 CEST m=+0.013896000",
		"EndTime": "2021-05-10 16:13:20.427579373 +0200 CEST m=+1845.023596338",
		"totalTime":1.845009700338E+03
	},
	{
		"id": "15bdvp08wz",
		"nrOfEpochs": 52,
		"epochs": [ 2, 2, 2, 3, 4, 4, 5, 5 | 6, 7, 8, 9, 10, 11, 12, 13, 14, 15, 16, 17, 18, 19, 20, 21, 22, 23, 24, 25, 26, 27, 28, 29, 30, 31, 32, 33, 34, 35, 36, 37, 38, 39, 40, 41, 42, 43, 44, 45, 46, 47, 48, 49, 50, 51 ],
		"loss": [ 1.537602, 1.133112, 1.074253, 1.044879, 1.003999, 0.959362, 0.983012, 0.924943 | 0.978038, 0.969871, 0.963045, 0.960979, 0.956266, 0.951906, 0.947795, 0.943782, 0.939754, 0.935704, 0.931620, 0.927493, 0.923260, 0.918905, 0.914358, 0.909744, 0.905212, 0.900858, 0.896840, 0.893186, 0.889918, 0.886898, 0.884119, 0.881551, 0.879188, 0.876995, 0.874950, 0.873031, 0.871179, 0.869406, 0.867656, 0.865971, 0.864332, 0.862730, 0.861162, 0.859638, 0.858185, 0.856781, 0.855421, 0.854125, 0.852897, 0.851723, 0.850646, 0.849648, 0.848695, 0.847818 ],
		"servers": [ 1, 1, 1, 2, 1, 1, 2, 2 | 1, 1, 1, 1, 1, 1, 1, 1, 1, 1, 1, 1, 1, 1, 1, 1, 1, 1, 1, 1, 1, 1, 1, 1, 1, 1, 1, 1, 1, 1, 1, 1, 1, 1, 1, 1, 1, 1, 1, 1, 1, 1, 1, 1, 1, 1 ],
		"workers": [ 1, 1, 1, 1, 2, 2, 2, 2 | 1, 1, 1, 1, 1, 1, 1, 1, 1, 1, 1, 1, 1, 1, 1, 1, 1, 1, 1, 1, 1, 1, 1, 1, 1, 1, 1, 1, 1, 1, 1, 1, 1, 1, 1, 1, 1, 1, 1, 1, 1, 1, 1, 1, 1, 1 ],
		"cost": [ 0.665449, 74692.081594, 74692.013243, 60728.396853, 88813.142062, 88813.142062, 148879.851982, 148879.851982 | 75276.659263, 42773.981461, 112289.490172, 112289.458750, 24934.252698, 24934.137135, 103473.530931, 103473.506652, 26711.044642, 106050.875595, 106050.880524, 105295.860364, 105295.841718, 63862.454874, 63862.315807, 82241.850461, 82241.900681, 86650.576077, 55330.882063, 55330.874723, 68419.623316, 68419.633997, 70871.042868, 80580.168927, 80580.084200, 74288.378017, 105996.215384, 105996.216647, 33284.374318, 33284.346993, 55339.610366, 55339.577754, 95176.699502, 95176.770479, 107179.428916, 23799.069495, 23799.086467, 90721.111680, 90720.989361, 102700.682279, 97111.836789, 97111.823073, 48868.258246, 48868.308568, 47985.852793, 47985.853238 ],
		"time": [ 12.163030, 32.428604, 30.151808, 29.329508, 39.365557, 39.390651, 39.434343, 39.436043 | 31.119362, 29.508131, 29.366070, 28.319677, 31.617819, 27.767600, 26.132413, 25.299201, 28.044304, 28.878402, 29.040030, 30.281796, 29.661526, 30.351904, 25.717663, 26.273494, 27.945160, 27.401097, 27.612346, 27.369620, 28.307732, 28.665640, 28.198017, 30.837311, 27.994713, 29.699163, 29.427650, 29.467893, 29.543909, 28.635219, 27.219080, 26.128990, 27.709348, 30.073743, 28.146544, 27.735186, 28.304785, 30.152588, 26.076943, 26.407152, 28.099686, 27.643948, 28.695809, 30.371306, 25.243523, 25.259814 ],
		"startTime": "2021-05-10 15:42:35.417879068 +0200 CEST m=+0.013896000",
		"EndTime": "2021-05-10 16:13:04.953354977 +0200 CEST m=+1829.549371945",
		"totalTime":1.829535475945E+03
	}
]