[
	{
		"id": "3yvuspnroh",
		"nrOfEpochs": 20,
		"epochs": [ 2, 2, 2, 3, 4, 4, 5, 5 | 6, 7, 8, 9, 10, 11, 12, 13, 14, 15, 16, 17, 18, 19 ],
		"loss": [ 1.537602, 1.034783, 0.970241, 0.939617, 0.909726, 0.892831, 0.893708, 0.871269 | 0.886224, 0.880553, 0.875031, 0.869592, 0.864603, 0.860640, 0.857670, 0.855360, 0.853501, 0.851967, 0.850655, 0.849522, 0.848506, 0.847587 ],
		"servers": [ 1, 1, 1, 2, 1, 1, 2, 2 | 1, 1, 1, 1, 1, 1, 1, 1, 1, 1, 1, 1, 1, 1 ],
		"workers": [ 1, 1, 1, 1, 2, 2, 2, 2 | 1, 1, 1, 1, 1, 1, 1, 1, 1, 1, 1, 1, 1, 1 ],
		"cost": [ 251.699749, 252.342185, 139073.838217, 139074.438704, 170442.697134, 170442.697134, 88473.463173, 88473.463173 | 13831.880747, 149374.878542, 149374.942752, 55740.720558, 55740.700588, 130206.689785, 49431.172288, 49431.179773, 119183.225552, 67688.891489, 67688.671885, 144353.404064, 144353.406994, 137146.217201 ],
		"time": [ 9.920921, 31.333516, 30.839396, 35.639875, 76.354789, 76.365983, 56.443838, 56.444542 | 33.427169, 29.791840, 31.930838, 31.610793, 30.941669, 31.439005, 31.862887, 32.108846, 33.128302, 35.301847, 27.983907, 25.178726, 25.277365, 24.958661 ],
		"startTime": "2021-05-10 20:03:47.108577747 +0200 CEST m=+0.013493592",
		"EndTime": "2021-05-10 20:18:40.105983643 +0200 CEST m=+893.010899527",
		"totalTime":8.92997405935E+02
	},
	{
		"id": "e66f1qqk9l",
		"nrOfEpochs": 26,
		"epochs": [ 2, 2, 2, 2, 2, 2, 3, 4, 4, 5, 5 | 6, 7, 8, 9, 10, 11, 12, 13, 14, 15, 16, 17, 18, 19, 20, 21, 22, 23, 24, 25 ],
		"loss": [ 1.537602, 1.034783, 1.003271, 0.955991, 0.941850, 0.931985, 0.923575, 0.907812, 0.884613, 0.895875, 0.872785 | 0.892614, 0.888578, 0.884791, 0.881265, 0.877977, 0.874896, 0.872085, 0.869487, 0.867081, 0.864823, 0.862692, 0.860656, 0.858678, 0.856720, 0.854784, 0.852865, 0.850956, 0.849055, 0.847213, 0.845404 ],
		"servers": [ 1, 1, 1, 1, 1, 1, 2, 1, 1, 2, 2 | 2, 2, 2, 2, 2, 2, 2, 2, 2, 2, 2, 2, 2, 2, 2, 2, 2, 2, 2, 2 ],
		"workers": [ 1, 1, 1, 1, 1, 1, 1, 2, 2, 2, 2 | 1, 1, 1, 1, 1, 1, 1, 1, 1, 1, 1, 1, 1, 1, 1, 1, 1, 1, 1, 1 ],
		"cost": [ 0.648159, 1.569044, 118051.222333, 118051.970589, 79623.514798, 79623.844554, 55903.760687, 31709.144036, 31709.144036, 31708.849548, 31708.849548 | 62990.050380, 62990.003907, 62990.030898, 79644.541446, 79644.603294, 79644.526488, 82953.664302, 82953.561093, 82953.649366, 95404.813138, 95404.875819, 95404.812343, 81981.934234, 81981.840957, 81981.906710, 112458.019410, 112458.078630, 112458.086470, 77334.593276, 77334.623835 ],
		"time": [ 11.585283, 42.281146, 19.494437, 44.434263, 23.190500, 34.179668, 27.728561, 32.033028, 32.100316, 17.782062, 17.785753 | 15.682287, 14.521476, 15.178470, 14.065786, 15.610913, 13.689784, 16.515684, 13.936684, 16.141558, 13.819595, 15.385647, 13.799430, 16.474172, 14.141981, 15.786325, 13.583791, 15.064766, 15.261756, 15.543633, 16.306405 ],
		"startTime": "2021-05-10 20:03:47.108577747 +0200 CEST m=+0.013493592",
		"EndTime": "2021-05-10 20:17:00.988658834 +0200 CEST m=+793.893574799",
		"totalTime":7.93880081207E+02
	},
	{
		"id": "ht6gj7gsj3",
		"nrOfEpochs": 20,
		"epochs": [ 2, 2, 2, 3, 4, 4, 5, 5 | 6, 7, 8, 9, 10, 11, 12, 13, 14, 15, 16, 17, 18, 19 ],
		"loss": [ 1.537602, 1.034783, 0.970241, 0.939617, 0.892831, 0.909726, 0.893708, 0.871269 | 0.886224, 0.880553, 0.875031, 0.869592, 0.864603, 0.860640, 0.857670, 0.855360, 0.853501, 0.851967, 0.850655, 0.849522, 0.848506, 0.847587 ],
		"servers": [ 1, 1, 1, 2, 1, 1, 2, 2 | 1, 1, 1, 1, 1, 1, 1, 1, 1, 1, 1, 1, 1, 1 ],
		"workers": [ 1, 1, 1, 1, 2, 2, 2, 2 | 1, 1, 1, 1, 1, 1, 1, 1, 1, 1, 1, 1, 1, 1 ],
		"cost": [ 17539.627212, 17540.061217, 17540.060728, 140155.638755, 44807.494935, 44807.494935, 31323.372612, 31323.372612 | 9233.135993, 9233.147028, 158652.199014, 158652.218991, 120976.430245, 156150.162510, 156150.153048, 76467.169178, 76467.170254, 39020.094080, 39020.089975, 143020.126119, 143020.146780, 74942.034700 ],
		"time": [ 11.690550, 26.157965, 26.145833, 33.580512, 59.939623, 59.942159, 51.422436, 51.438888 | 25.789844, 26.159488, 25.239200, 25.903670, 25.893930, 26.009976, 25.698422, 25.952712, 25.986055, 25.852303, 25.717073, 25.146461, 25.838706, 25.277339 ],
		"startTime": "2021-05-10 20:03:47.108577747 +0200 CEST m=+0.013493592",
		"EndTime": "2021-05-10 20:17:30.672230075 +0200 CEST m=+823.577146002",
		"totalTime":8.2356365241E+02
	}
]