[
	{
		"id": "xuai81jxox",
		"nrOfEpochs": 20,
		"epochs": [ 2, 2, 2, 3, 4, 4, 5, 5 | 6, 7, 8, 9, 10, 11, 12, 13, 14, 15, 16, 17, 18, 19 ],
		"loss": [ 1.537602, 1.034783, 0.970241, 0.939617, 0.892831, 0.909726, 0.871269, 0.893708 | 0.886224, 0.880553, 0.875031, 0.869592, 0.864603, 0.860640, 0.857670, 0.855360, 0.853501, 0.851967, 0.850655, 0.849522, 0.848506, 0.847587 ],
		"servers": [ 1, 1, 1, 2, 1, 1, 2, 2 | 1, 1, 1, 1, 1, 1, 1, 1, 1, 1, 1, 1, 1, 1 ],
		"workers": [ 1, 1, 1, 1, 2, 2, 2, 2 | 1, 1, 1, 1, 1, 1, 1, 1, 1, 1, 1, 1, 1, 1 ],
		"cost": [ 0.632323, 134983.298998, 134983.265777, 81548.033558, 164850.726850, 164850.726850, 76759.926853, 76759.926853 | 56280.880093, 56280.911860, 105886.332146, 19532.123222, 137398.202667, 137398.143102, 30096.638087, 12385.477397, 136073.282171, 136073.310617, 57535.602861, 131266.218623, 131266.253263, 76066.806762 ],
		"time": [ 11.052431, 31.212495, 30.106881, 35.068584, 55.583833, 55.596063, 50.313387, 50.316307 | 31.036070, 32.097459, 32.102316, 31.211798, 33.470958, 31.487076, 32.474373, 31.692522, 32.586947, 33.538287, 34.391586, 29.488088, 30.649740, 29.684464 ],
		"startTime": "2021-05-10 17:27:27.373526663 +0200 CEST m=+0.013357345",
		"EndTime": "2021-05-10 17:41:37.257294967 +0200 CEST m=+849.897125702",
		"totalTime":8.49883768357E+02
	},
	{
		"id": "06i77ure7m",
		"nrOfEpochs": 52,
		"epochs": [ 2, 2, 2, 3, 4, 4, 5, 5 | 6, 7, 8, 9, 10, 11, 12, 13, 14, 15, 16, 17, 18, 19, 20, 21, 22, 23, 24, 25, 26, 27, 28, 29, 30, 31, 32, 33, 34, 35, 36, 37, 38, 39, 40, 41, 42, 43, 44, 45, 46, 47, 48, 49, 50, 51 ],
		"loss": [ 1.537602, 1.133112, 1.074253, 1.044879, 1.003999, 0.959362, 0.924943, 0.983012 | 0.978038, 0.969871, 0.963045, 0.960979, 0.956266, 0.951906, 0.947795, 0.943782, 0.939754, 0.935704, 0.931620, 0.927493, 0.923260, 0.918905, 0.914358, 0.909744, 0.905212, 0.900858, 0.896840, 0.893186, 0.889918, 0.886898, 0.884119, 0.881551, 0.879188, 0.876995, 0.874950, 0.873031, 0.871179, 0.869406, 0.867656, 0.865971, 0.864332, 0.862730, 0.861162, 0.859638, 0.858185, 0.856781, 0.855421, 0.854125, 0.852897, 0.851723, 0.850646, 0.849648, 0.848695, 0.847818 ],
		"servers": [ 1, 1, 1, 2, 1, 1, 2, 2 | 1, 1, 1, 1, 1, 1, 1, 2, 1, 1, 1, 1, 1, 1, 1, 1, 1, 1, 1, 1, 1, 1, 1, 1, 1, 1, 1, 1, 1, 1, 1, 1, 1, 1, 1, 1, 1, 1, 1, 1, 1, 1, 1, 1, 1, 1 ],
		"workers": [ 1, 1, 1, 1, 2, 2, 2, 2 | 1, 1, 1, 1, 1, 1, 1, 1, 1, 1, 1, 1, 1, 1, 1, 1, 1, 1, 1, 1, 1, 1, 1, 1, 1, 1, 1, 1, 1, 1, 1, 1, 1, 1, 1, 1, 1, 1, 1, 1, 1, 1, 1, 1, 1, 1 ],
		"cost": [ 0.659307, 62361.831635, 62361.857714, 74288.296143, 136595.083422, 136595.083422, 136595.312123, 136595.312123 | 32431.300503, 32431.297529, 100568.070272, 21325.432795, 102973.194918, 102973.150195, 75432.641796, 18324.043373, 103457.252173, 103457.280274, 15149.990321, 15150.013128, 100984.509416, 49917.282950, 49917.108168, 59726.877486, 59726.865517, 74288.934026, 74288.931513, 74288.924996, 75206.934065, 75206.940901, 57757.476254, 57757.454197, 71033.457716, 71033.447842, 79644.446212, 79644.446113, 79644.458919, 56725.934350, 56725.950463, 87762.606750, 87762.589899, 86861.512603, 86861.502623, 68741.923267, 68741.918722, 107356.916876, 107356.916770, 107356.916101, 96305.235929, 96305.228275, 90599.544789, 90599.530902, 46821.153103, 46821.142494 ],
		"time": [ 11.956797, 29.932444, 30.802319, 29.863305, 46.787050, 46.823921, 39.974790, 39.999170 | 31.490146, 31.400017, 31.470479, 31.944746, 32.541269, 31.049773, 32.149799, 31.029521, 30.689612, 31.624247, 31.409746, 32.174301, 31.285393, 30.172785, 24.353961, 24.236082, 23.836050, 23.591830, 23.509118, 23.293418, 23.984777, 24.208310, 24.027912, 23.295602, 24.053084, 23.722402, 23.618372, 23.615602, 24.043880, 23.424276, 23.959823, 24.235842, 23.675564, 24.156813, 23.825162, 23.826176, 23.668725, 24.113805, 24.151269, 24.129852, 23.848893, 23.583826, 24.165583, 23.702035, 24.046915, 23.692054 ],
		"startTime": "2021-05-10 17:27:27.373526663 +0200 CEST m=+0.013357345",
		"EndTime": "2021-05-10 17:55:55.699349444 +0200 CEST m=+1708.339180243",
		"totalTime":1.708325822898E+03
	},
	{
		"id": "20o5etssfc",
		"nrOfEpochs": 20,
		"epochs": [ 2, 2, 2, 3, 4, 4, 5, 5 | 6, 7, 8, 9, 10, 11, 12, 13, 14, 15, 16, 17, 18, 19 ],
		"loss": [ 1.537602, 1.034783, 0.970241, 0.939617, 0.909726, 0.892831, 0.871269, 0.893708 | 0.886224, 0.880553, 0.875031, 0.869592, 0.864603, 0.860640, 0.857670, 0.855360, 0.853501, 0.851967, 0.850655, 0.849522, 0.848506, 0.847587 ],
		"servers": [ 1, 1, 1, 2, 1, 1, 2, 2 | 1, 1, 2, 1, 1, 1, 2, 1, 1, 1, 2, 1, 1, 1 ],
		"workers": [ 1, 1, 1, 1, 2, 2, 2, 2 | 1, 1, 1, 1, 1, 1, 1, 1, 1, 1, 1, 1, 1, 1 ],
		"cost": [ 0.632349, 71608.195561, 71608.182290, 18173.490115, 140444.769329, 140444.769329, 104487.910768, 104487.910768 | 30670.130334, 30670.138277, 105774.758062, 20751.616771, 78718.895467, 78718.898056, 84104.361956, 31621.078307, 106108.051197, 106108.005713, 76827.917664, 66140.883519, 66140.877012, 71530.411435 ],
		"time": [ 11.058163, 33.500310, 33.055136, 26.474334, 63.629376, 63.679699, 48.142713, 48.162965 | 33.272952, 33.538417, 31.529608, 33.426135, 33.476910, 33.541764, 32.375102, 33.457938, 33.952683, 32.435492, 32.597852, 33.830969, 33.596997, 32.956925 ],
		"startTime": "2021-05-10 17:27:27.373526663 +0200 CEST m=+0.013357345",
		"EndTime": "2021-05-10 17:41:47.752307664 +0200 CEST m=+860.392138384",
		"totalTime":8.60378781039E+02
	}
]