[
	{
		"id": "fm4l0mbagh",
		"nrOfEpochs": 52,
		"epochs": [ 2, 2, 2, 3, 4, 4, 5, 5 | 6, 7, 8, 9, 10, 11, 12, 13, 14, 15, 16, 17, 18, 19, 20, 21, 22, 23, 24, 25, 26, 27, 28, 29, 30, 31, 32, 33, 34, 35, 36, 37, 38, 39, 40, 41, 42, 43, 44, 45, 46, 47, 48, 49, 50, 51 ],
		"loss": [ 1.537602, 1.133112, 1.074253, 1.044879, 0.959362, 1.003999, 0.924943, 0.983012 | 0.978038, 0.969871, 0.966083, 0.960979, 0.956266, 0.951906, 0.947795, 0.943782, 0.939754, 0.935704, 0.931620, 0.927493, 0.923260, 0.918905, 0.914358, 0.909744, 0.905212, 0.900858, 0.896840, 0.893186, 0.889918, 0.886898, 0.884119, 0.881551, 0.879188, 0.876995, 0.874950, 0.873031, 0.871179, 0.869406, 0.867656, 0.865971, 0.864332, 0.862730, 0.861162, 0.859638, 0.858185, 0.856781, 0.855421, 0.854125, 0.852897, 0.851723, 0.850646, 0.849648, 0.848695, 0.847818 ],
		"servers": [ 1, 1, 1, 2, 1, 1, 2, 2 | 1, 1, 1, 1, 1, 2, 1, 1, 2, 1, 2, 2, 1, 2, 1, 2, 2, 2, 2, 1, 2, 2, 1, 2, 2, 2, 2, 2, 2, 2, 2, 2, 2, 2, 2, 2, 2, 2, 2, 2, 2, 2, 2, 2, 2, 2 ],
		"workers": [ 1, 1, 1, 1, 2, 2, 2, 2 | 1, 1, 1, 1, 1, 1, 1, 1, 1, 1, 1, 1, 1, 1, 1, 1, 1, 1, 1, 1, 1, 1, 1, 1, 1, 1, 1, 1, 1, 1, 1, 1, 1, 1, 1, 1, 1, 1, 1, 1, 1, 1, 1, 1, 1, 1 ],
		"cost": [ 5882.445603, 5882.888089, 80138.867174, 80139.145236, 42642.950621, 42642.950621, 94779.384903, 94779.384903 | 26250.232204, 80842.700093, 73711.445960, 73711.399796, 36504.960995, 36505.263076, 53364.971084, 53364.964117, 16482.136938, 16481.860206, 58924.362136, 58924.389089, 76837.345561, 44243.587277, 44243.292090, 74094.440888, 74094.431775, 115269.259438, 70580.905176, 66284.629313, 42905.870003, 42905.887596, 55397.309914, 55397.612854, 115446.369128, 115446.369011, 53048.015990, 53048.019676, 92273.086771, 92273.082800, 34029.972129, 34029.934995, 70142.436622, 70142.428154, 60126.710740, 60126.698367, 103696.457374, 103696.456646, 98115.815537, 98115.796179, 82593.157620, 82593.138108, 84428.993565, 84428.971770, 62675.812855, 62675.748617 ],
		"time": [ 12.014941, 26.760501, 26.113924, 24.028531, 42.164561, 42.202354, 38.178104, 38.186166 | 25.922401, 26.482377, 26.465707, 24.928242, 24.673892, 23.552725, 24.993030, 24.760277, 23.434122, 25.321553, 23.442175, 24.113361, 25.613792, 23.998090, 25.489206, 23.898662, 23.668456, 23.730398, 24.418647, 24.821737, 24.204956, 24.636855, 25.126476, 23.910053, 23.275175, 23.269883, 23.616191, 23.707957, 23.448249, 23.346990, 24.162468, 23.417983, 23.855104, 23.646469, 24.088536, 23.793997, 23.998955, 23.977745, 23.787344, 23.301386, 24.237046, 23.753118, 24.075965, 23.531251, 25.122216, 23.522186 ],
		"startTime": "2021-05-10 19:16:55.923530905 +0200 CEST m=+0.013530557",
		"EndTime": "2021-05-10 19:44:59.191370569 +0200 CEST m=+1683.281370275",
		"totalTime":1.683267839718E+03
	},
	{
		"id": "8q6aqst6m2",
		"nrOfEpochs": 52,
		"epochs": [ 2, 2, 2, 3, 4, 4, 5, 5 | 6, 7, 8, 9, 10, 11, 12, 13, 14, 15, 16, 17, 18, 19, 20, 21, 22, 23, 24, 25, 26, 27, 28, 29, 30, 31, 32, 33, 34, 35, 36, 37, 38, 39, 40, 41, 42, 43, 44, 45, 46, 47, 48, 49, 50, 51 ],
		"loss": [ 1.537602, 1.133112, 1.074253, 1.044879, 1.003999, 0.959362, 0.983012, 0.924943 | 0.978038, 0.969871, 0.963045, 0.960979, 0.956266, 0.951906, 0.947795, 0.943782, 0.939754, 0.935704, 0.931620, 0.927493, 0.923260, 0.918905, 0.914358, 0.909744, 0.905212, 0.900858, 0.896840, 0.893186, 0.889918, 0.886898, 0.884119, 0.881551, 0.879188, 0.876995, 0.874950, 0.873031, 0.871179, 0.869406, 0.867656, 0.865971, 0.864332, 0.862730, 0.861162, 0.859638, 0.858185, 0.856781, 0.855421, 0.854125, 0.852897, 0.851723, 0.850646, 0.849648, 0.848695, 0.847818 ],
		"servers": [ 1, 1, 1, 2, 1, 1, 2, 2 | 2, 1, 2, 2, 2, 2, 2, 2, 2, 2, 2, 2, 2, 2, 2, 2, 2, 2, 2, 2, 2, 2, 2, 2, 2, 2, 2, 2, 2, 2, 2, 2, 2, 2, 2, 2, 2, 2, 2, 2, 2, 2, 2, 2, 2, 2 ],
		"workers": [ 1, 1, 1, 1, 2, 2, 2, 2 | 1, 1, 1, 1, 1, 1, 1, 1, 1, 1, 1, 1, 1, 1, 1, 1, 1, 1, 1, 1, 1, 1, 1, 1, 1, 1, 1, 1, 1, 1, 1, 1, 1, 1, 1, 1, 1, 1, 1, 1, 1, 1, 1, 1, 1, 1 ],
		"cost": [ 0.657430, 1.118619, 102624.614450, 102624.739249, 109790.860353, 109790.860353, 109791.084657, 109791.084657 | 92307.346807, 118233.991250, 118234.040856, 90492.108715, 90492.101708, 172.347669, 172.305878, 33813.310130, 33813.316328, 84775.252957, 84775.259377, 84775.209976, 121305.084279, 121305.043599, 45927.126492, 16716.393509, 16716.429973, 16716.441341, 139566.736079, 139566.642903, 89677.926352, 89677.962952, 147501.933657, 147501.917740, 105277.613374, 105277.649093, 142579.168792, 142579.159972, 126994.891960, 126994.870056, 104035.548000, 104035.554537, 62948.687105, 62948.669892, 128170.352780, 128170.322059, 102075.530791, 102075.562704, 83862.830416, 83862.820843, 31501.728491, 31501.727174, 59534.629762, 59534.670552, 54510.393526, 54510.391739 ],
		"time": [ 11.891605, 27.265276, 26.965642, 20.841020, 40.450628, 40.556055, 34.875065, 34.916395 | 20.110599, 26.750702, 18.793920, 20.386336, 20.196777, 20.469101, 19.421454, 19.457249, 19.604495, 20.903224, 21.064461, 19.816547, 21.530381, 20.514723, 18.991456, 19.578474, 20.501773, 20.784949, 21.948510, 19.625872, 19.258033, 20.169274, 20.513140, 20.116902, 19.801729, 20.694132, 20.537826, 20.314425, 20.613085, 20.062650, 19.836689, 20.001200, 19.856557, 19.422911, 20.326716, 19.557192, 18.366833, 19.162207, 19.835685, 19.587371, 19.721138, 19.690533, 18.885831, 19.904745, 19.557245, 19.518267 ],
		"startTime": "2021-05-10 19:16:55.923530905 +0200 CEST m=+0.013530557",
		"EndTime": "2021-05-10 19:42:48.656650895 +0200 CEST m=+1552.746650657",
		"totalTime":1.5527331201E+03
	},
	{
		"id": "p8nttjhqcc",
		"nrOfEpochs": 52,
		"epochs": [ 2, 2, 2, 3, 4, 4, 5, 5 | 6, 7, 8, 9, 10, 11, 12, 13, 14, 15, 16, 17, 18, 19, 20, 21, 22, 23, 24, 25, 26, 27, 28, 29, 30, 31, 32, 33, 34, 35, 36, 37, 38, 39, 40, 41, 42, 43, 44, 45, 46, 47, 48, 49, 50, 51 ],
		"loss": [ 1.537602, 1.133112, 1.074253, 1.044879, 1.003999, 0.959362, 0.983012, 0.924943 | 0.978038, 0.969871, 0.963045, 0.960979, 0.956266, 0.951906, 0.947795, 0.943782, 0.939754, 0.935704, 0.931620, 0.927493, 0.923260, 0.918905, 0.914358, 0.909744, 0.905212, 0.900858, 0.896840, 0.893186, 0.889918, 0.886898, 0.884119, 0.881551, 0.879188, 0.876995, 0.874950, 0.873031, 0.871179, 0.869406, 0.867656, 0.865971, 0.864332, 0.862730, 0.861162, 0.859638, 0.858185, 0.856781, 0.855421, 0.854125, 0.852897, 0.851723, 0.850646, 0.849648, 0.848695, 0.847818 ],
		"servers": [ 1, 1, 1, 2, 1, 1, 2, 2 | 1, 1, 1, 1, 2, 1, 1, 1, 1, 1, 1, 1, 2, 2, 2, 2, 1, 2, 2, 2, 2, 2, 2, 2, 2, 2, 2, 2, 2, 2, 2, 1, 2, 2, 2, 2, 2, 2, 2, 2, 2, 2, 2, 2, 2, 2 ],
		"workers": [ 1, 1, 1, 1, 2, 2, 2, 2 | 1, 1, 1, 1, 1, 1, 1, 1, 1, 1, 1, 1, 1, 1, 1, 1, 1, 1, 1, 1, 1, 1, 1, 1, 1, 1, 1, 1, 1, 1, 1, 1, 1, 1, 1, 1, 1, 1, 1, 1, 1, 1, 1, 1, 1, 1 ],
		"cost": [ 4906.635027, 4907.144900, 76090.755952, 76090.981189, 31493.374627, 31493.374627, 84928.171062, 84928.171062 | 55251.564590, 80026.087660, 55506.049252, 55506.001386, 46526.821395, 46526.472354, 67674.345361, 80590.318585, 80590.315235, 52874.120510, 52874.155665, 28807.955471, 28808.203287, 72674.632811, 72674.678310, 101325.448825, 52108.610256, 52108.896894, 101610.005433, 101610.014111, 121011.350826, 121011.367753, 45613.657147, 113088.952814, 113088.930660, 105603.003668, 105602.951276, 87234.982627, 87234.977815, 116874.880118, 116874.884305, 107403.291906, 84476.020045, 57925.860197, 57925.847495, 92177.574508, 92177.523097, 39258.955091, 39258.969222, 39258.976662, 63394.970939, 63394.933062, 99557.618878, 99557.574981, 64765.172267, 64765.117859 ],
		"time": [ 12.377150, 29.366813, 28.195082, 24.270948, 39.568904, 39.603048, 37.494754, 37.505514 | 27.091149, 27.403299, 28.094595, 26.518164, 26.234596, 26.702337, 26.266323, 26.473763, 26.364726, 24.973600, 26.148966, 26.401177, 23.496433, 24.831385, 25.972688, 25.678310, 26.489889, 24.505880, 24.608838, 24.825991, 24.898316, 25.320757, 25.318372, 25.039619, 24.483699, 25.592655, 24.279211, 25.120306, 24.999918, 25.569193, 25.674224, 26.017706, 24.481684, 24.336140, 23.941593, 25.088504, 23.803138, 24.100804, 24.453940, 24.640606, 24.504915, 23.564158, 24.053977, 22.956528, 23.598820, 22.236951 ],
		"startTime": "2021-05-10 19:16:55.923530905 +0200 CEST m=+0.013530557",
		"EndTime": "2021-05-10 19:45:14.841489695 +0200 CEST m=+1698.931489388",
		"totalTime":1.698917958831E+03
	}
]