[
	{
		"id": "0g7znebha9",
		"nrOfEpochs": 20,
		"epochs": [ 2, 2, 2, 3, 4, 4, 5, 5 | 6, 7, 8, 9, 10, 11, 12, 13, 14, 15, 16, 17, 18, 19 ],
		"loss": [ 1.537602, 1.034783, 0.970241, 0.939617, 0.909726, 0.892831, 0.871269, 0.893708 | 0.886224, 0.880553, 0.875031, 0.869592, 0.864603, 0.860640, 0.857670, 0.855360, 0.853501, 0.851967, 0.850655, 0.849522, 0.848506, 0.847587 ],
		"servers": [ 1, 1, 1, 2, 1, 1, 2, 2 | 1, 1, 1, 1, 1, 1, 1, 1, 1, 2, 1, 1, 1, 1 ],
		"workers": [ 1, 1, 1, 1, 2, 2, 2, 2 | 1, 1, 1, 1, 1, 1, 1, 1, 1, 1, 1, 1, 1, 1 ],
		"cost": [ 0.636738, 1.372080, 100139.008421, 61673.495591, 80439.579735, 80439.579735, 59807.129742, 59807.129742 | 24114.256884, 99799.924860, 99799.908174, 75764.538573, 93339.630958, 93339.635464, 110914.210372, 23021.486092, 88339.436413, 88339.827538, 49484.293910, 82306.465737, 108774.242714, 108774.230607 ],
		"time": [ 11.206136, 35.716026, 34.977863, 39.350763, 70.952778, 70.955436, 46.536787, 46.538290 | 36.158295, 35.215412, 34.658721, 34.162156, 35.397393, 35.494255, 36.770867, 36.472766, 35.497625, 33.895875, 35.612575, 36.186035, 35.830003, 35.427575 ],
		"startTime": "2021-05-10 18:18:07.315659572 +0200 CEST m=+0.013202877",
		"EndTime": "2021-05-10 18:33:03.070358443 +0200 CEST m=+895.767901790",
		"totalTime":8.95754698913E+02
	},
	{
		"id": "figpwip76s",
		"nrOfEpochs": 52,
		"epochs": [ 2, 2, 2, 3, 4, 4, 5, 5 | 6, 7, 8, 9, 10, 11, 12, 13, 14, 15, 16, 17, 18, 19, 20, 21, 22, 23, 24, 25, 26, 27, 28, 29, 30, 31, 32, 33, 34, 35, 36, 37, 38, 39, 40, 41, 42, 43, 44, 45, 46, 47, 48, 49, 50, 51 ],
		"loss": [ 1.537602, 1.133112, 1.074253, 1.044879, 0.959362, 1.003999, 0.983012, 0.924943 | 0.978038, 0.969871, 0.966083, 0.960979, 0.956266, 0.951906, 0.947795, 0.943782, 0.939754, 0.935704, 0.931620, 0.927493, 0.923260, 0.918905, 0.914358, 0.909744, 0.905212, 0.900858, 0.896840, 0.893186, 0.889918, 0.886898, 0.884119, 0.881551, 0.879188, 0.876995, 0.874950, 0.873031, 0.871179, 0.869406, 0.867656, 0.865971, 0.864332, 0.862730, 0.861162, 0.859638, 0.858185, 0.856781, 0.855421, 0.854125, 0.852897, 0.851723, 0.850646, 0.849648, 0.848695, 0.847818 ],
		"servers": [ 1, 1, 1, 2, 1, 1, 2, 2 | 1, 1, 1, 1, 1, 1, 1, 1, 1, 1, 1, 1, 1, 1, 1, 1, 1, 1, 1, 1, 1, 1, 1, 1, 1, 1, 1, 1, 1, 1, 1, 1, 1, 1, 1, 1, 1, 1, 1, 1, 1, 1, 1, 1, 1, 1 ],
		"workers": [ 1, 1, 1, 1, 2, 2, 2, 2 | 1, 1, 1, 1, 1, 1, 1, 1, 1, 1, 1, 1, 1, 1, 1, 1, 1, 1, 1, 1, 1, 1, 1, 1, 1, 1, 1, 1, 1, 1, 1, 1, 1, 1, 1, 1, 1, 1, 1, 1, 1, 1, 1, 1, 1, 1 ],
		"cost": [ 0.694159, 1.199262, 68038.128043, 68038.406461, 52992.555996, 52992.555996, 96104.160439, 96104.160439 | 54481.746984, 54481.767587, 94709.807087, 44231.513470, 44231.571589, 101586.252067, 101586.276981, 100995.793097, 47108.574855, 47108.498988, 96967.831406, 96967.949849, 101927.934288, 52631.572566, 52631.536155, 92576.447615, 92576.468305, 51588.366346, 51588.343041, 84594.132933, 84594.093202, 105234.708485, 105234.700489, 66692.351060, 66692.336681, 87959.786493, 87959.772714, 50481.169142, 50481.184379, 62984.044519, 62984.056035, 50044.285924, 50044.284292, 93813.742292, 93813.716321, 61275.361344, 61275.370074, 53299.232423, 53299.214160, 86042.456101, 86042.455492, 102989.876180, 102989.849582, 102989.838714, 97790.685970, 97790.701630 ],
		"time": [ 13.112738, 29.945485, 27.999521, 25.454749, 31.706016, 31.717081, 34.994813, 35.080059 | 29.694098, 30.384537, 27.821049, 26.873811, 28.814702, 27.985204, 28.817672, 28.980233, 30.111565, 27.579097, 25.904625, 29.855236, 29.491808, 29.015744, 27.817102, 26.832154, 27.515513, 26.923892, 26.147662, 26.286508, 24.962340, 26.149151, 25.865085, 25.585978, 25.105570, 26.135223, 25.673936, 26.033623, 26.540925, 24.915912, 25.302313, 25.706367, 25.651534, 26.202459, 25.335318, 25.322436, 25.612539, 25.522032, 24.917817, 25.657653, 25.634165, 26.314597, 25.428378, 25.067616, 25.042950, 25.565178 ],
		"startTime": "2021-05-10 18:18:07.315659572 +0200 CEST m=+0.013202877",
		"EndTime": "2021-05-10 18:47:18.106539117 +0200 CEST m=+1750.804082551",
		"totalTime":1.750790879674E+03
	},
	{
		"id": "y1nqvpghr9",
		"nrOfEpochs": 52,
		"epochs": [ 2, 2, 2, 3, 4, 4, 5, 5 | 6, 7, 8, 9, 10, 11, 12, 13, 14, 15, 16, 17, 18, 19, 20, 21, 22, 23, 24, 25, 26, 27, 28, 29, 30, 31, 32, 33, 34, 35, 36, 37, 38, 39, 40, 41, 42, 43, 44, 45, 46, 47, 48, 49, 50, 51 ],
		"loss": [ 1.537602, 1.133112, 1.074253, 1.044879, 0.959362, 1.003999, 0.983012, 0.924943 | 0.978038, 0.969871, 0.966083, 0.960979, 0.956266, 0.951906, 0.947795, 0.943782, 0.939754, 0.935704, 0.931620, 0.927493, 0.923260, 0.918905, 0.914358, 0.909744, 0.905212, 0.900858, 0.896840, 0.893186, 0.889918, 0.886898, 0.884119, 0.881551, 0.879188, 0.876995, 0.874950, 0.873031, 0.871179, 0.869406, 0.867656, 0.865971, 0.864332, 0.862730, 0.861162, 0.859638, 0.858185, 0.856781, 0.855421, 0.854125, 0.852897, 0.851723, 0.850646, 0.849648, 0.848695, 0.847818 ],
		"servers": [ 1, 1, 1, 2, 1, 1, 2, 2 | 1, 1, 1, 1, 1, 1, 1, 1, 1, 1, 1, 1, 1, 1, 1, 1, 1, 1, 1, 1, 1, 1, 1, 1, 1, 1, 1, 1, 1, 1, 1, 1, 1, 1, 1, 1, 1, 1, 1, 1, 1, 1, 1, 1, 1, 1 ],
		"workers": [ 1, 1, 1, 1, 2, 2, 2, 2 | 1, 1, 1, 1, 1, 1, 1, 1, 1, 1, 1, 1, 1, 1, 1, 1, 1, 1, 1, 1, 1, 1, 1, 1, 1, 1, 1, 1, 1, 1, 1, 1, 1, 1, 1, 1, 1, 1, 1, 1, 1, 1, 1, 1, 1, 1 ],
		"cost": [ 0.664953, 1.134966, 97054.058909, 97054.354467, 50246.106297, 50246.106297, 51394.597924, 51394.597924 | 15098.616806, 15098.587651, 98586.881177, 52868.161817, 52868.176927, 31039.722578, 31039.738596, 106059.185102, 41754.700104, 41754.630579, 33925.604103, 33925.641481, 92692.096645, 40080.743633, 40080.687863, 46324.484221, 46324.513075, 43027.946990, 43027.946784, 42338.270953, 42338.280603, 69424.629556, 69424.621783, 40874.459535, 40874.447390, 62499.446049, 62499.433933, 98542.727282, 98542.756694, 75142.504649, 75142.485715, 74627.906331, 74627.883253, 81039.824421, 81039.815705, 81039.821621, 108934.816915, 108934.819705, 89295.248158, 89295.265559, 79829.301268, 79829.291450, 98085.254615, 98085.253630, 101170.569022, 101170.567405 ],
		"time": [ 12.143167, 27.809488, 26.852213, 25.023412, 37.708021, 37.715916, 43.825266, 43.858892 | 29.058611, 28.081862, 26.980332, 27.600413, 28.100047, 27.806423, 28.339309, 28.377192, 28.383679, 26.064756, 26.925674, 28.166729, 28.072141, 28.250511, 26.417290, 26.481884, 27.442851, 26.203942, 26.198015, 25.212857, 25.536201, 25.841178, 25.582963, 26.009740, 25.605286, 25.556424, 25.148333, 25.302294, 26.282188, 26.112932, 25.482794, 25.557856, 24.790275, 25.789535, 25.515505, 25.713196, 25.094952, 25.186399, 25.417163, 25.996323, 25.702021, 25.373333, 25.375592, 25.325783, 25.038117, 24.987208 ],
		"startTime": "2021-05-10 18:18:07.315659572 +0200 CEST m=+0.013202877",
		"EndTime": "2021-05-10 18:47:07.658731473 +0200 CEST m=+1740.356274816",
		"totalTime":1.740343071939E+03
	}
]