[
	{
		"id": "8cqiscucrb",
		"nrOfEpochs": 52,
		"epochs": [ 2, 2, 2, 3, 4, 4, 5, 5 | 6, 7, 8, 9, 10, 11, 12, 13, 14, 15, 16, 17, 18, 19, 20, 21, 22, 23, 24, 25, 26, 27, 28, 29, 30, 31, 32, 33, 34, 35, 36, 37, 38, 39, 40, 41, 42, 43, 44, 45, 46, 47, 48, 49, 50, 51 ],
		"loss": [ 1.537602, 1.133112, 1.074253, 1.044879, 0.959362, 1.003999, 0.983012, 0.924943 | 0.978038, 0.969871, 0.966083, 0.960979, 0.956266, 0.951906, 0.947795, 0.943782, 0.939754, 0.935704, 0.931620, 0.927493, 0.923260, 0.918905, 0.914358, 0.909744, 0.905212, 0.900858, 0.896840, 0.893186, 0.889918, 0.886898, 0.884119, 0.881551, 0.879188, 0.876995, 0.874950, 0.873031, 0.871179, 0.869406, 0.867656, 0.865971, 0.864332, 0.862730, 0.861162, 0.859638, 0.858185, 0.856781, 0.855421, 0.854125, 0.852897, 0.851723, 0.850646, 0.849648, 0.848695, 0.847818 ],
		"servers": [ 1, 1, 1, 2, 1, 1, 2, 2 | 1, 1, 2, 1, 1, 1, 2, 2, 1, 2, 1, 2, 1, 2, 2, 2, 2, 1, 2, 2, 2, 2, 2, 2, 2, 2, 2, 2, 2, 2, 2, 2, 1, 2, 2, 1, 2, 2, 2, 2, 2, 2, 2, 2, 2, 2 ],
		"workers": [ 1, 1, 1, 1, 2, 2, 2, 2 | 1, 1, 1, 1, 1, 1, 1, 1, 1, 1, 1, 1, 1, 1, 1, 1, 1, 1, 1, 1, 1, 1, 1, 1, 1, 1, 1, 1, 1, 1, 1, 1, 1, 1, 1, 1, 1, 1, 1, 1, 1, 1, 1, 1, 1, 1 ],
		"cost": [ 0.654129, 44394.817948, 44394.768031, 53387.419983, 96847.276669, 96847.276669, 53252.424965, 53252.424965 | 28966.519728, 28966.534485, 94703.452214, 49152.893965, 49152.834204, 82741.167198, 82741.439082, 36560.375503, 27984.640021, 98011.309472, 15674.890041, 15675.214662, 101560.295454, 97454.944595, 97454.932660, 97454.921182, 52685.143086, 45549.959284, 74033.431879, 53584.882272, 53584.892635, 53584.898221, 111145.821588, 111145.834737, 93090.177480, 93090.180747, 95531.506083, 95531.511959, 81272.475613, 81272.484704, 93756.461188, 93756.455842, 48410.746564, 111496.998580, 111496.985728, 66506.875424, 66507.203162, 86469.642655, 86469.639668, 53232.471952, 53232.475339, 39584.966207, 39584.952481, 100998.553156, 100998.573816, 100998.569008 ],
		"time": [ 11.782088, 27.791195, 26.128601, 22.845890, 56.415204, 56.438296, 47.275481, 47.287739 | 27.588902, 28.086947, 25.484182, 27.098626, 25.106140, 25.231904, 23.201519, 24.025254, 24.954878, 24.262642, 24.736249, 24.161296, 25.731132, 24.189642, 23.880263, 23.585750, 24.035905, 24.660553, 23.935192, 23.703074, 23.942844, 24.093126, 23.604464, 23.931364, 23.537345, 23.599064, 23.995052, 24.148031, 23.683723, 23.910702, 24.105370, 23.966142, 25.088387, 25.429520, 25.107266, 25.066005, 24.481710, 23.948738, 23.873568, 24.265067, 24.350664, 24.014057, 23.675523, 23.308293, 23.820526, 23.681711 ],
		"startTime": "2021-05-10 18:47:44.961679622 +0200 CEST m=+0.013803532",
		"EndTime": "2021-05-10 19:16:15.742384386 +0200 CEST m=+1710.794508423",
		"totalTime":1.710780704891E+03
	},
	{
		"id": "y4x1hcaq6o",
		"nrOfEpochs": 52,
		"epochs": [ 2, 2, 2, 3, 4, 4, 5, 5 | 6, 7, 8, 9, 10, 11, 12, 13, 14, 15, 16, 17, 18, 19, 20, 21, 22, 23, 24, 25, 26, 27, 28, 29, 30, 31, 32, 33, 34, 35, 36, 37, 38, 39, 40, 41, 42, 43, 44, 45, 46, 47, 48, 49, 50, 51 ],
		"loss": [ 1.537602, 1.133112, 1.074253, 1.044879, 0.959362, 1.003999, 0.983012, 0.924943 | 0.978038, 0.969871, 0.966083, 0.960979, 0.956266, 0.951906, 0.947795, 0.943782, 0.939754, 0.935704, 0.931620, 0.927493, 0.923260, 0.918905, 0.914358, 0.909744, 0.905212, 0.900858, 0.896840, 0.893186, 0.889918, 0.886898, 0.884119, 0.881551, 0.879188, 0.876995, 0.874950, 0.873031, 0.871179, 0.869406, 0.867656, 0.865971, 0.864332, 0.862730, 0.861162, 0.859638, 0.858185, 0.856781, 0.855421, 0.854125, 0.852897, 0.851723, 0.850646, 0.849648, 0.848695, 0.847818 ],
		"servers": [ 1, 1, 1, 2, 1, 1, 2, 2 | 2, 2, 2, 2, 2, 2, 2, 2, 2, 2, 2, 2, 2, 2, 2, 2, 2, 2, 2, 2, 2, 2, 2, 2, 2, 2, 2, 2, 2, 2, 2, 2, 2, 2, 2, 2, 2, 2, 2, 2, 2, 2, 2, 2, 2, 2 ],
		"workers": [ 1, 1, 1, 1, 2, 2, 2, 2 | 1, 1, 1, 1, 1, 1, 1, 1, 1, 1, 1, 1, 1, 1, 1, 1, 1, 1, 1, 1, 1, 1, 1, 1, 1, 1, 1, 1, 1, 1, 1, 1, 1, 1, 1, 1, 1, 1, 1, 1, 1, 1, 1, 1, 1, 1 ],
		"cost": [ 0.653560, 57936.154490, 57936.171426, 49127.400904, 136140.695909, 136140.695909, 136140.540673, 136140.540673 | 66771.916599, 66771.797792, 66771.809588, 109248.714495, 74362.005706, 74361.970339, 28248.269218, 28248.251923, 18458.285622, 18458.272422, 75951.149088, 75951.220444, 15328.083499, 15328.039967, 93474.889656, 93474.873156, 19980.889767, 19980.889035, 49988.911301, 49988.886517, 42582.726739, 42582.758444, 32945.484028, 32945.470920, 73133.067794, 73133.080661, 41768.823858, 41768.798358, 72344.075859, 72344.036513, 72344.051972, 72256.452947, 72256.454502, 80272.576544, 80272.549638, 59254.196882, 59254.304153, 109255.804065, 109255.763657, 85226.464236, 85226.448880, 105851.424241, 105851.416126, 111063.856207, 111063.872314, 78751.069083 ],
		"time": [ 11.764877, 26.681686, 27.246989, 19.857244, 50.597983, 50.629081, 35.341528, 35.347051 | 22.420833, 19.451601, 19.747181, 19.917821, 19.971707, 19.068177, 19.336868, 18.912791, 19.668757, 19.338924, 18.753453, 20.535678, 19.457123, 18.364283, 19.249461, 18.836791, 19.996305, 19.979496, 19.764565, 19.146388, 19.181744, 19.974160, 19.732548, 19.409318, 19.980842, 20.299280, 20.396640, 19.755009, 20.408018, 19.426731, 19.812937, 19.913525, 19.942380, 19.937005, 19.266473, 18.633374, 21.311768, 21.161107, 20.151518, 20.110561, 19.733017, 19.597214, 19.392420, 19.819877, 20.242216, 19.788690 ],
		"startTime": "2021-05-10 18:47:44.961679622 +0200 CEST m=+0.013803532",
		"EndTime": "2021-05-10 19:14:39.529451645 +0200 CEST m=+1614.581575696",
		"totalTime":1.614567772164E+03
	},
	{
		"id": "6i3uo9b4v1",
		"nrOfEpochs": 52,
		"epochs": [ 2, 2, 2, 3, 4, 4, 5, 5 | 6, 7, 8, 9, 10, 11, 12, 13, 14, 15, 16, 17, 18, 19, 20, 21, 22, 23, 24, 25, 26, 27, 28, 29, 30, 31, 32, 33, 34, 35, 36, 37, 38, 39, 40, 41, 42, 43, 44, 45, 46, 47, 48, 49, 50, 51 ],
		"loss": [ 1.537602, 1.133112, 1.074253, 1.044879, 1.003999, 0.959362, 0.983012, 0.924943 | 0.978038, 0.969871, 0.963045, 0.960979, 0.956266, 0.951906, 0.947795, 0.943782, 0.939754, 0.935704, 0.931620, 0.927493, 0.923260, 0.918905, 0.914358, 0.909744, 0.905212, 0.900858, 0.896840, 0.893186, 0.889918, 0.886898, 0.884119, 0.881551, 0.879188, 0.876995, 0.874950, 0.873031, 0.871179, 0.869406, 0.867656, 0.865971, 0.864332, 0.862730, 0.861162, 0.859638, 0.858185, 0.856781, 0.855421, 0.854125, 0.852897, 0.851723, 0.850646, 0.849648, 0.848695, 0.847818 ],
		"servers": [ 1, 1, 1, 2, 1, 1, 2, 2 | 2, 1, 2, 1, 1, 2, 2, 2, 2, 2, 2, 2, 2, 2, 2, 2, 2, 2, 2, 2, 2, 2, 2, 2, 2, 2, 2, 2, 2, 2, 2, 2, 2, 2, 2, 2, 2, 2, 2, 2, 2, 2, 2, 2, 2, 2 ],
		"workers": [ 1, 1, 1, 1, 2, 2, 2, 2 | 1, 1, 1, 1, 1, 1, 1, 1, 1, 1, 1, 1, 1, 1, 1, 1, 1, 1, 1, 1, 1, 1, 1, 1, 1, 1, 1, 1, 1, 1, 1, 1, 1, 1, 1, 1, 1, 1, 1, 1, 1, 1, 1, 1, 1, 1 ],
		"cost": [ 0.653646, 57651.230457, 57651.231514, 81316.805540, 128118.636704, 128118.636704, 108720.078642, 108720.078642 | 73124.647204, 58411.641757, 21799.900895, 21799.615481, 79377.480234, 103653.885086, 103653.893523, 46107.629941, 46107.627138, 125651.145673, 125651.171957, 46079.301688, 46079.346898, 24568.475866, 24568.466085, 15117.850944, 15117.866585, 34214.645437, 34214.651442, 57582.413536, 57582.381617, 21759.587941, 21759.578989, 63139.837483, 63139.852436, 47352.904952, 47352.907431, 75718.482092, 75718.486902, 75718.483541, 46101.681109, 46101.688546, 57446.247570, 57446.222022, 131771.113483, 131771.144996, 107253.478744, 107253.469462, 86517.453113, 86517.458806, 104358.234244, 104358.232411, 118459.683097, 118459.696631, 86586.508597, 86586.471308 ],
		"time": [ 11.770340, 26.586860, 26.621594, 17.930736, 62.079138, 62.085329, 52.414375, 52.421035 | 25.065257, 25.625081, 23.606633, 25.292096, 25.631323, 17.944924, 18.155626, 18.753465, 18.686947, 17.952765, 18.610294, 18.541674, 19.676779, 18.861371, 18.617292, 18.223043, 18.615439, 18.626664, 18.707638, 18.969643, 18.157847, 18.578044, 18.352218, 18.296096, 18.667760, 18.155007, 18.212393, 18.556085, 18.679463, 18.592123, 18.468287, 18.659595, 18.782769, 18.140111, 18.419952, 19.196359, 19.096654, 18.880375, 18.781033, 18.925222, 18.754865, 18.709687, 19.123363, 19.461524, 19.408631, 18.479024 ],
		"startTime": "2021-05-10 18:47:44.961679622 +0200 CEST m=+0.013803532",
		"EndTime": "2021-05-10 19:15:05.73828709 +0200 CEST m=+1640.790411054",
		"totalTime":1.640776607522E+03
	}
]