[
	{
		"id": "ylv2j48sig",
		"nrOfEpochs": 29,
		"epochs": [ 2, 2, 2, 2, 3, 4, 4, 5, 5 | 6, 7, 8, 9, 10, 11, 12, 13, 14, 15, 16, 17, 18, 19, 20, 21, 22, 23, 24, 25, 26, 27, 28 ],
		"loss": [ 1.537602, 1.034783, 1.003271, 0.980010, 0.962640, 0.909916, 0.936791, 0.893543, 0.918159 | 0.911868, 0.906137, 0.900744, 0.895760, 0.891144, 0.886920, 0.883022, 0.879412, 0.876144, 0.873175, 0.870461, 0.867970, 0.865655, 0.863453, 0.861389, 0.859410, 0.857512, 0.855633, 0.853754, 0.851864, 0.849981, 0.848114, 0.846269 ],
		"servers": [ 1, 1, 1, 1, 2, 1, 1, 2, 2 | 2, 2, 2, 2, 2, 2, 2, 2, 2, 2, 2, 2, 2, 2, 2, 2, 2, 2, 2, 2, 2, 2, 2 ],
		"workers": [ 1, 1, 1, 1, 1, 2, 2, 2, 2 | 1, 1, 1, 1, 1, 1, 1, 1, 1, 1, 1, 1, 1, 1, 1, 1, 1, 1, 1, 1, 1, 1, 1 ],
		"cost": [ 12117.219055, 12118.141363, 64453.767491, 64453.672923, 64453.930837, 91177.315440, 91177.315440, 91177.559189, 91177.559189 | 61.106583, 61.120977, 54009.228174, 54009.235116, 75096.979548, 75097.011000, 67565.229610, 67565.240340, 64215.913319, 64215.854974, 54217.539203, 54217.604484, 91580.033497, 91579.978060, 91579.980462, 17258.105413, 17258.069895, 81587.132415, 81587.175580, 81587.216240, 62602.440715, 62602.408904, 62602.412914 ],
		"time": [ 11.678007, 42.418294, 22.331636, 19.180714, 18.327738, 26.099635, 26.196945, 23.787412, 23.791871 | 19.449371, 19.811803, 18.352352, 18.658188, 19.790549, 20.575108, 19.279418, 19.556940, 19.623893, 18.164900, 18.165804, 19.800856, 19.347406, 17.965185, 18.004296, 19.523788, 18.635192, 16.695610, 17.776968, 18.795209, 17.865122, 17.068026, 17.169204 ],
		"startTime": "2021-05-10 16:13:55.271887329 +0200 CEST m=+0.013835877",
		"EndTime": "2021-05-10 16:29:16.518583182 +0200 CEST m=+921.260531861",
		"totalTime":9.21246695984E+02
	},
	{
		"id": "hk1qa5eckb",
		"nrOfEpochs": 23,
		"epochs": [ 2, 2, 2, 2, 2, 2, 2, 2, 3, 4, 4, 5, 5 | 6, 7, 8, 9, 10, 11, 12, 13, 14, 15, 16, 17, 18, 19, 20, 21, 22 ],
		"loss": [ 1.537602, 1.034783, 1.003271, 0.955991, 0.941850, 0.923484, 0.911628, 0.905837, 0.900568, 0.867112, 0.888921, 0.859235, 0.881036 | 0.879375, 0.875136, 0.873801, 0.871176, 0.868695, 0.866392, 0.864191, 0.862100, 0.860080, 0.858085, 0.856117, 0.854178, 0.852246, 0.850352, 0.848489, 0.846662, 0.844885 ],
		"servers": [ 1, 1, 1, 1, 1, 1, 1, 1, 2, 1, 1, 2, 2 | 2, 2, 2, 2, 2, 2, 2, 2, 2, 2, 2, 2, 2, 2, 2, 2, 2 ],
		"workers": [ 1, 1, 1, 1, 1, 1, 1, 1, 1, 2, 2, 2, 2 | 1, 1, 1, 1, 1, 1, 1, 1, 1, 1, 1, 1, 1, 1, 1, 1, 1 ],
		"cost": [ 0.651753, 1.507040, 79732.848152, 79733.479477, 84698.412101, 84699.170365, 105071.009916, 105070.871706, 105071.111262, 45399.314810, 45399.314810, 45399.532884, 45399.532884 | 72675.855674, 72675.832302, 87313.937361, 87313.940190, 38279.361405, 38279.384589, 63103.310386, 63103.306710, 61165.342355, 61165.388579, 61165.407040, 80564.584302, 80564.547736, 76576.247763, 76576.274348, 60620.409593, 60620.311498 ],
		"time": [ 11.706107, 40.213823, 19.370816, 40.400792, 17.177985, 42.462289, 21.613405, 17.007275, 16.234840, 21.046178, 21.049104, 19.180663, 19.186544 | 19.339600, 18.747171, 18.069395, 18.118277, 18.891715, 19.470760, 18.466018, 18.369566, 16.666357, 17.822725, 18.282814, 18.003715, 17.090177, 17.809276, 18.476614, 18.613297, 16.159293 ],
		"startTime": "2021-05-10 16:13:55.271887329 +0200 CEST m=+0.013835877",
		"EndTime": "2021-05-10 16:26:47.800723791 +0200 CEST m=+772.542672455",
		"totalTime":7.72528836578E+02
	},
	{
		"id": "tn5qyj3xn6",
		"nrOfEpochs": 52,
		"epochs": [ 2, 2, 2, 3, 4, 4, 5, 5 | 6, 7, 8, 9, 10, 11, 12, 13, 14, 15, 16, 17, 18, 19, 20, 21, 22, 23, 24, 25, 26, 27, 28, 29, 30, 31, 32, 33, 34, 35, 36, 37, 38, 39, 40, 41, 42, 43, 44, 45, 46, 47, 48, 49, 50, 51 ],
		"loss": [ 1.537602, 1.133112, 1.074253, 1.044879, 0.959362, 1.003999, 0.983012, 0.924943 | 0.978038, 0.969871, 0.966083, 0.960979, 0.956266, 0.951906, 0.947795, 0.943782, 0.939754, 0.935704, 0.931620, 0.927493, 0.923260, 0.918905, 0.914358, 0.909744, 0.905212, 0.900858, 0.896840, 0.893186, 0.889918, 0.886898, 0.884119, 0.881551, 0.879188, 0.876995, 0.874950, 0.873031, 0.871179, 0.869406, 0.867656, 0.865971, 0.864332, 0.862730, 0.861162, 0.859638, 0.858185, 0.856781, 0.855421, 0.854125, 0.852897, 0.851723, 0.850646, 0.849648, 0.848695, 0.847818 ],
		"servers": [ 1, 1, 1, 2, 1, 1, 2, 2 | 1, 1, 1, 1, 1, 1, 1, 1, 1, 1, 1, 1, 1, 1, 1, 1, 1, 1, 1, 1, 1, 1, 1, 1, 1, 1, 1, 1, 1, 1, 1, 1, 1, 1, 1, 1, 1, 1, 1, 1, 1, 1, 1, 1, 1, 1 ],
		"workers": [ 1, 1, 1, 1, 2, 2, 2, 2 | 1, 1, 1, 1, 1, 1, 1, 1, 1, 1, 1, 1, 1, 1, 1, 1, 1, 1, 1, 1, 1, 1, 1, 1, 1, 1, 1, 1, 1, 1, 1, 1, 1, 1, 1, 1, 1, 1, 1, 1, 1, 1, 1, 1, 1, 1 ],
		"cost": [ 273.777915, 274.380045, 67025.008926, 67025.350052, 95916.208575, 95916.208575, 138056.951464, 138056.951464 | 48.986063, 105880.413394, 105880.375036, 75890.541901, 75890.495600, 58082.634402, 58082.650564, 70760.227869, 70760.223149, 105892.643187, 74522.283691, 74522.300086, 44761.704327, 44761.635335, 38199.325070, 38199.335441, 87082.515765, 87082.491048, 60908.351501, 60908.356509, 65651.985830, 65651.991750, 82875.143990, 82875.155581, 82875.151537, 92195.869619, 92195.859964, 91197.079674, 91197.077772, 50495.415217, 50495.406940, 67665.004782, 67665.020007, 65070.859625, 65070.864538, 65070.859109, 93449.747755, 93449.722644, 85876.359094, 85876.385961, 71336.474918, 71336.464322, 85955.733933, 85955.732368, 85955.743617, 83656.882645 ],
		"time": [ 12.015677, 32.083692, 29.857884, 28.418994, 35.642167, 35.658354, 32.647443, 32.662065 | 27.893425, 26.199543, 24.916045, 29.455362, 27.925422, 27.807243, 28.343284, 28.355362, 28.200152, 29.249265, 27.884774, 28.430253, 28.589672, 26.292114, 26.021052, 26.366430, 25.352659, 24.527273, 23.783674, 23.945917, 23.584365, 23.784420, 23.566006, 23.955392, 23.816963, 23.963433, 23.646287, 23.416422, 23.354146, 24.024108, 23.837397, 23.774870, 24.240394, 23.836046, 23.999457, 23.819748, 23.823196, 22.985798, 23.399295, 24.294257, 24.150988, 23.792454, 23.671320, 23.619083, 23.978122, 23.632775 ],
		"startTime": "2021-05-10 16:13:55.271887329 +0200 CEST m=+0.013835877",
		"EndTime": "2021-05-10 16:41:42.676210538 +0200 CEST m=+1667.418159124",
		"totalTime":1.667404323247E+03
	}
]