[
	{
		"id": "mnpq4r6j2c",
		"nrOfEpochs": 20,
		"epochs": [ 2, 2, 2, 3, 4, 4, 5, 5 | 6, 7, 8, 9, 10, 11, 12, 13, 14, 15, 16, 17, 18, 19 ],
		"loss": [ 1.537602, 1.034783, 0.970241, 0.939617, 0.909726, 0.892831, 0.893708, 0.871269 | 0.886224, 0.880553, 0.875031, 0.869592, 0.864603, 0.860640, 0.857670, 0.855360, 0.853501, 0.851967, 0.850655, 0.849522, 0.848506, 0.847587 ],
		"servers": [ 1, 1, 1, 2, 1, 1, 2, 2 | 1, 1, 1, 1, 1, 1, 1, 1, 1, 1, 1, 1, 1, 1 ],
		"workers": [ 1, 1, 1, 1, 2, 2, 2, 2 | 1, 1, 1, 1, 1, 1, 1, 1, 1, 1, 1, 1, 1, 1 ],
		"cost": [ 8714.843792, 8715.317588, 8715.355001, 143421.112764, 32285.024456, 32285.024456, 108866.771940, 108866.771940 | 193.096104, 155329.313314, 155329.366894, 76341.575947, 76341.580035, 77183.634599, 77183.635204, 91342.919688, 45624.215156, 45624.204889, 27387.023191, 27387.022818, 75136.201162, 75136.239449 ],
		"time": [ 9.853078, 25.641451, 26.890085, 35.041971, 40.351252, 40.411088, 44.611558, 44.621259 | 26.556646, 26.130186, 27.913867, 26.213297, 26.352175, 26.894113, 26.914418, 27.509116, 27.051031, 26.709371, 26.581741, 26.567350, 27.605732, 28.884793 ],
		"startTime": "2021-05-10 19:45:52.610149378 +0200 CEST m=+0.013606770",
		"EndTime": "2021-05-10 19:58:11.419247796 +0200 CEST m=+738.822705234",
		"totalTime":7.38809098464E+02
	},
	{
		"id": "dzoxyebxil",
		"nrOfEpochs": 20,
		"epochs": [ 2, 2, 2, 3, 4, 4, 5, 5 | 6, 7, 8, 9, 10, 11, 12, 13, 14, 15, 16, 17, 18, 19 ],
		"loss": [ 1.537602, 1.034783, 0.970241, 0.939617, 0.892831, 0.909726, 0.871269, 0.893708 | 0.886224, 0.880553, 0.875031, 0.869592, 0.864603, 0.860640, 0.857670, 0.855360, 0.853501, 0.851967, 0.850655, 0.849522, 0.848506, 0.847587 ],
		"servers": [ 1, 1, 1, 2, 1, 1, 2, 2 | 1, 1, 1, 1, 1, 1, 1, 1, 1, 1, 1, 1, 1, 1 ],
		"workers": [ 1, 1, 1, 1, 2, 2, 2, 2 | 1, 1, 1, 1, 1, 1, 1, 1, 1, 1, 1, 1, 1, 1 ],
		"cost": [ 10332.273433, 10332.859389, 139433.554128, 139434.075423, 43982.764408, 43982.764408, 119744.806088, 119744.806088 | 136.021445, 145017.665195, 71979.442738, 71979.466723, 84233.719085, 84233.623029, 57867.887689, 57867.899718, 79480.333670, 16183.056625, 16183.150634, 131318.109591, 131318.182008, 132696.992905 ],
		"time": [ 9.769672, 29.303882, 28.881578, 32.188782, 43.307977, 43.331666, 48.044521, 48.118273 | 29.317211, 30.352599, 28.566025, 29.365740, 29.800651, 26.597129, 29.050084, 29.454912, 31.201752, 28.149087, 31.313994, 28.457504, 30.872629, 30.214808 ],
		"startTime": "2021-05-10 19:45:52.610149378 +0200 CEST m=+0.013606770",
		"EndTime": "2021-05-10 19:58:51.498346067 +0200 CEST m=+778.901803499",
		"totalTime":7.78888196729E+02
	},
	{
		"id": "phxf2qb8ee",
		"nrOfEpochs": 26,
		"epochs": [ 2, 2, 2, 2, 2, 2, 3, 4, 4, 5, 5 | 6, 7, 8, 9, 10, 11, 12, 13, 14, 15, 16, 17, 18, 19, 20, 21, 22, 23, 24, 25 ],
		"loss": [ 1.537602, 1.034783, 1.003271, 0.955991, 0.941850, 0.931985, 0.923575, 0.884613, 0.907812, 0.872785, 0.895875 | 0.892614, 0.888578, 0.884791, 0.881265, 0.877977, 0.874896, 0.872085, 0.869487, 0.867081, 0.864823, 0.862692, 0.860656, 0.858678, 0.856720, 0.854784, 0.852865, 0.850956, 0.849055, 0.847213, 0.845404 ],
		"servers": [ 1, 1, 1, 1, 1, 1, 2, 1, 1, 2, 2 | 2, 2, 2, 2, 2, 2, 2, 2, 2, 2, 2, 2, 2, 2, 2, 2, 2, 2, 2, 2 ],
		"workers": [ 1, 1, 1, 1, 1, 1, 1, 2, 2, 2, 2 | 1, 1, 1, 1, 1, 1, 1, 1, 1, 1, 1, 1, 1, 1, 1, 1, 1, 1, 1, 1 ],
		"cost": [ 0.642466, 1.589787, 113515.277603, 113515.954030, 112368.274494, 112368.253720, 40509.016388, 31354.037041, 31354.037041, 96737.702697, 96737.702697 | 78654.133501, 43609.422978, 43609.473289, 43609.473659, 88508.239978, 88508.129940, 39298.408018, 39298.364367, 39298.346221, 76561.804632, 76561.860165, 100740.650971, 100740.652578, 34168.790192, 34168.717531, 34168.770058, 93181.857831, 93181.854644, 82072.163065, 82072.218836 ],
		"time": [ 11.395677, 42.969334, 18.394356, 40.937654, 21.061857, 20.372752, 19.906820, 26.528116, 26.530678, 20.817346, 20.836984 | 18.660348, 17.490115, 18.749319, 18.757996, 20.494359, 17.746230, 18.741848, 17.651833, 17.198087, 17.861582, 19.253218, 18.222449, 18.259175, 18.885167, 17.067869, 18.379995, 18.983027, 18.902473, 17.770155, 19.164383 ],
		"startTime": "2021-05-10 19:45:52.610149378 +0200 CEST m=+0.013606770",
		"EndTime": "2021-05-10 19:58:46.042920587 +0200 CEST m=+773.446378019",
		"totalTime":7.73432771249E+02
	}
]