[
	{
		"id": "ntt0k51b7h",
		"nrOfEpochs": 20,
		"epochs": [ 2, 2, 2, 3, 4, 4, 5, 5 | 6, 7, 8, 9, 10, 11, 12, 13, 14, 15, 16, 17, 18, 19 ],
		"loss": [ 1.537602, 1.034783, 0.970241, 0.939617, 0.909726, 0.892831, 0.871269, 0.893708 | 0.886224, 0.880553, 0.875031, 0.869592, 0.864603, 0.860640, 0.857670, 0.855360, 0.853501, 0.851967, 0.850655, 0.849522, 0.848506, 0.847587 ],
		"servers": [ 1, 1, 1, 2, 1, 1, 2, 2 | 1, 1, 1, 2, 1, 1, 1, 1, 1, 1, 2, 1, 1, 1 ],
		"workers": [ 1, 1, 1, 1, 2, 2, 2, 2 | 1, 1, 1, 1, 1, 1, 1, 1, 1, 1, 1, 1, 1, 1 ],
		"cost": [ 0.649582, 35143.880669, 79070.228557, 79070.880409, 85603.373116, 85603.373116, 116931.683467, 116931.683467 | 14280.628052, 105531.043785, 105530.937496, 14949.373112, 57550.193620, 105437.893612, 105437.844754, 54235.554061, 73320.224896, 73320.278623, 13106.909773, 23372.103064, 54854.084388, 54854.102506 ],
		"time": [ 11.634880, 35.898315, 35.997497, 40.773731, 52.268281, 52.293261, 32.588085, 32.608748 | 35.873451, 36.946389, 33.399204, 35.293434, 36.193257, 36.155414, 34.526203, 36.413507, 34.968766, 36.763140, 36.607689, 37.945525, 36.374594, 36.980409 ],
		"startTime": "2021-05-11 12:41:59.171660258 +0200 CEST m=+0.013735134",
		"EndTime": "2021-05-11 12:58:05.938504695 +0200 CEST m=+966.780579587",
		"totalTime":9.66766844453E+02
	},
	{
		"id": "tsdbs75imp",
		"nrOfEpochs": 52,
		"epochs": [ 2, 2, 2, 3, 4, 4, 5, 5 | 6, 7, 8, 9, 10, 11, 12, 13, 14, 15, 16, 17, 18, 19, 20, 21, 22, 23, 24, 25, 26, 27, 28, 29, 30, 31, 32, 33, 34, 35, 36, 37, 38, 39, 40, 41, 42, 43, 44, 45, 46, 47, 48, 49, 50, 51 ],
		"loss": [ 1.537602, 1.133112, 1.074253, 1.044879, 1.003999, 0.959362, 0.924943, 0.983012 | 0.978038, 0.969871, 0.963045, 0.960979, 0.956266, 0.951906, 0.947795, 0.943782, 0.939754, 0.935704, 0.931620, 0.927493, 0.923260, 0.918905, 0.914358, 0.909744, 0.905212, 0.900858, 0.896840, 0.893186, 0.889918, 0.886898, 0.884119, 0.881551, 0.879188, 0.876995, 0.874950, 0.873031, 0.871179, 0.869406, 0.867656, 0.865971, 0.864332, 0.862730, 0.861162, 0.859638, 0.858185, 0.856781, 0.855421, 0.854125, 0.852897, 0.851723, 0.850646, 0.849648, 0.848695, 0.847818 ],
		"servers": [ 1, 1, 1, 2, 1, 1, 2, 2 | 1, 1, 1, 2, 1, 2, 1, 1, 2, 1, 2, 1, 1, 2, 1, 1, 1, 2, 2, 2, 2, 2, 2, 2, 2, 2, 2, 2, 2, 2, 2, 2, 2, 2, 2, 2, 2, 2, 2, 2, 2, 2, 2, 2, 2, 2 ],
		"workers": [ 1, 1, 1, 1, 2, 2, 2, 2 | 1, 1, 1, 1, 1, 1, 1, 1, 1, 1, 1, 1, 1, 1, 1, 1, 1, 1, 1, 1, 1, 1, 1, 1, 1, 1, 1, 1, 1, 1, 1, 1, 1, 1, 1, 1, 1, 1, 1, 1, 1, 1, 1, 1, 1, 1 ],
		"cost": [ 0.654539, 38496.902295, 38496.899130, 81658.364458, 139595.554922, 139595.554922, 152442.980937, 152442.980937 | 64284.445349, 64284.377851, 97321.636116, 97321.847784, 71903.262857, 29977.296965, 21618.821611, 49680.436718, 49680.756919, 110010.889704, 29000.457908, 19683.410238, 68666.585825, 31410.943696, 31410.483640, 85769.460053, 85769.526921, 50141.127936, 50141.127353, 69635.279290, 69635.297471, 54700.721135, 54700.683545, 49505.744909, 49505.728568, 49505.735428, 102581.102371, 102581.100209, 83665.898980, 83665.920066, 92185.209056, 92185.219126, 82478.723804, 82478.631895, 53473.409112, 53473.416606, 85517.692576, 85517.722047, 85517.695786, 109969.466221, 109969.454344, 115547.857288, 115547.857718, 52320.833243, 52320.834926, 63324.390082 ],
		"time": [ 11.800337, 28.025169, 27.916962, 23.500410, 45.525799, 45.531397, 42.762121, 42.791618 | 29.090787, 26.847270, 27.642162, 23.480790, 29.120415, 25.945904, 26.739555, 26.065253, 25.047315, 28.536381, 27.202343, 27.124795, 28.265226, 27.600282, 24.804051, 25.940015, 28.159375, 22.974613, 22.960892, 23.008984, 23.500781, 23.363246, 22.422943, 23.305903, 22.897438, 23.073573, 23.273907, 23.220584, 22.828514, 23.355814, 23.391472, 23.638744, 25.541121, 23.245979, 23.250558, 23.438285, 22.847315, 23.582795, 22.922129, 23.075625, 22.778089, 22.886504, 22.893284, 22.969120, 23.010030, 22.609143 ],
		"startTime": "2021-05-11 12:41:59.171660258 +0200 CEST m=+0.013735134",
		"EndTime": "2021-05-11 13:11:22.447074204 +0200 CEST m=+1763.289149148",
		"totalTime":1.763275414014E+03
	},
	{
		"id": "5aq5sfn8fn",
		"nrOfEpochs": 20,
		"epochs": [ 2, 2, 2, 3, 4, 4, 5, 5 | 6, 7, 8, 9, 10, 11, 12, 13, 14, 15, 16, 17, 18, 19 ],
		"loss": [ 1.537602, 1.034783, 0.970241, 0.939617, 0.909726, 0.892831, 0.893708, 0.871269 | 0.886224, 0.880553, 0.875031, 0.869592, 0.864603, 0.860640, 0.857670, 0.855360, 0.853501, 0.851967, 0.850655, 0.849522, 0.848506, 0.847587 ],
		"servers": [ 1, 1, 1, 2, 1, 1, 2, 2 | 1, 1, 1, 1, 1, 1, 1, 1, 1, 1, 1, 1, 1, 1 ],
		"workers": [ 1, 1, 1, 1, 2, 2, 2, 2 | 1, 1, 1, 1, 1, 1, 1, 1, 1, 1, 1, 1, 1, 1 ],
		"cost": [ 0.804903, 77213.517667, 77213.554020, 45929.275956, 45929.952649, 45929.952649, 165348.504279, 165348.504279 | 58605.554209, 58605.539104, 53111.373884, 53111.330618, 96067.974826, 17356.178019, 17356.237201, 107166.251334, 72245.400772, 72245.399879, 43378.573950, 43378.505774, 117676.737472, 12880.089586 ],
		"time": [ 10.102066, 25.560698, 26.777096, 24.396466, 41.307882, 41.315561, 52.887529, 52.901764 | 27.382170, 26.874972, 27.157915, 25.715756, 26.598020, 25.268387, 27.237567, 26.321393, 26.383874, 26.353885, 29.249996, 26.976751, 27.044637, 26.917193 ],
		"startTime": "2021-05-11 12:41:59.171660258 +0200 CEST m=+0.013735134",
		"EndTime": "2021-05-11 12:56:34.581165605 +0200 CEST m=+875.423240487",
		"totalTime":8.75409505353E+02
	}
]