[
	{
		"id": "qghpfm6nil",
		"nrOfEpochs": 20,
		"epochs": [ 2, 2, 2, 3, 4, 4, 5, 5 | 6, 7, 8, 9, 10, 11, 12, 13, 14, 15, 16, 17, 18, 19 ],
		"loss": [ 1.537602, 1.034783, 0.970241, 0.939617, 0.909726, 0.892831, 0.893708, 0.871269 | 0.886224, 0.880553, 0.875031, 0.869592, 0.864603, 0.860640, 0.857670, 0.855360, 0.853501, 0.851967, 0.850655, 0.849522, 0.848506, 0.847587 ],
		"servers": [ 1, 1, 1, 2, 1, 1, 2, 2 | 1, 1, 1, 1, 1, 1, 1, 1, 1, 1, 1, 1, 1, 1 ],
		"workers": [ 1, 1, 1, 1, 2, 2, 2, 2 | 1, 1, 1, 1, 1, 1, 1, 1, 1, 1, 1, 1, 1, 1 ],
		"cost": [ 0.647563, 1.318563, 72858.492897, 120201.951214, 145140.867276, 145140.867276, 114651.313878, 114651.313878 | 13089.100995, 104977.858114, 104977.867746, 68797.947608, 68797.965399, 89506.324575, 47502.411129, 47502.402329, 79160.784034, 70912.210102, 70912.202901, 99405.009698, 58152.294656, 58152.298794 ],
		"time": [ 11.564306, 33.925930, 33.071457, 34.146697, 70.879690, 70.916040, 63.650587, 63.665132 | 33.650042, 33.757384, 34.078504, 33.812959, 34.429674, 34.033825, 33.762105, 33.468913, 34.937217, 34.770200, 34.526577, 34.001960, 34.739944, 34.884655 ],
		"startTime": "2021-05-10 18:03:05.817238554 +0200 CEST m=+0.013689533",
		"EndTime": "2021-05-10 18:17:10.854963867 +0200 CEST m=+845.051414871",
		"totalTime":8.45037725338E+02
	},
	{
		"id": "ewblssiu4a",
		"nrOfEpochs": 20,
		"epochs": [ 2, 2, 2, 3, 4, 4, 5, 5 | 6, 7, 8, 9, 10, 11, 12, 13, 14, 15, 16, 17, 18, 19 ],
		"loss": [ 1.537602, 1.034783, 0.970241, 0.939617, 0.909726, 0.892831, 0.871269, 0.893708 | 0.886224, 0.880553, 0.875031, 0.869592, 0.864603, 0.860640, 0.857670, 0.855360, 0.853501, 0.851967, 0.850655, 0.849522, 0.848506, 0.847587 ],
		"servers": [ 1, 1, 1, 2, 1, 1, 2, 2 | 1, 1, 1, 1, 1, 1, 1, 1, 1, 1, 1, 1, 1, 1 ],
		"workers": [ 1, 1, 1, 1, 2, 2, 2, 2 | 1, 1, 1, 1, 1, 1, 1, 1, 1, 1, 1, 1, 1, 1 ],
		"cost": [ 0.600190, 1.330307, 112153.002141, 108714.943353, 156525.550092, 156525.550092, 155779.792616, 155779.792616 | 18097.274221, 18097.286808, 43368.823801, 40910.858176, 40910.857985, 44595.780999, 107961.429815, 107961.438173, 35397.330398, 35397.294653, 129444.649861, 107221.319768, 107221.373859, 38129.228221 ],
		"time": [ 9.984758, 34.317278, 31.809645, 31.429466, 64.864006, 64.886596, 54.049188, 54.061967 | 29.749980, 30.165435, 30.435221, 30.177626, 30.156571, 29.968135, 30.352535, 30.630104, 30.424858, 29.233817, 31.999382, 31.211585, 32.996478, 31.508455 ],
		"startTime": "2021-05-10 18:03:05.817238554 +0200 CEST m=+0.013689533",
		"EndTime": "2021-05-10 18:16:43.367892346 +0200 CEST m=+817.564343349",
		"totalTime":8.17550653816E+02
	},
	{
		"id": "rmmgy1q8yf",
		"nrOfEpochs": 29,
		"epochs": [ 2, 2, 2, 2, 3, 4, 4, 5, 5 | 6, 7, 8, 9, 10, 11, 12, 13, 14, 15, 16, 17, 18, 19, 20, 21, 22, 23, 24, 25, 26, 27, 28 ],
		"loss": [ 1.537602, 1.034783, 1.003271, 0.980010, 0.962640, 0.909916, 0.936791, 0.918159, 0.893543 | 0.911868, 0.906137, 0.900744, 0.895760, 0.891144, 0.886920, 0.883022, 0.879412, 0.876144, 0.873175, 0.870461, 0.867970, 0.865655, 0.863453, 0.861389, 0.859410, 0.857512, 0.855633, 0.853754, 0.851864, 0.849981, 0.848114, 0.846269 ],
		"servers": [ 1, 1, 1, 1, 2, 1, 1, 2, 2 | 2, 1, 1, 1, 2, 2, 2, 2, 2, 2, 2, 2, 2, 2, 2, 2, 2, 2, 2, 2, 2, 2, 2 ],
		"workers": [ 1, 1, 1, 1, 1, 2, 2, 2, 2 | 1, 1, 1, 1, 1, 1, 1, 1, 1, 1, 1, 1, 1, 1, 1, 1, 1, 1, 1, 1, 1, 1, 1 ],
		"cost": [ 0.653219, 1.641688, 98752.348925, 98752.230904, 58321.373109, 50972.593343, 50972.593343, 91505.442669, 91505.442669 | 22740.464082, 17438.125408, 17438.118129, 42745.979487, 42746.215989, 75868.037505, 75868.061366, 75867.993382, 66595.135743, 66595.185415, 87723.469645, 87723.478739, 88506.900009, 88506.821326, 88506.857472, 93028.380720, 93028.385788, 58302.504205, 58302.657046, 65015.641077, 65015.548828, 65015.508881, 94978.685072 ],
		"time": [ 11.752191, 44.698325, 21.842034, 17.911810, 19.775095, 33.556895, 33.575021, 29.008919, 29.035987 | 21.330863, 19.270545, 19.033761, 20.852090, 19.045212, 18.877248, 19.472674, 17.769865, 18.689227, 19.932064, 18.200999, 18.426323, 20.161438, 18.198217, 19.098134, 20.554469, 20.680818, 17.518578, 21.348008, 20.678430, 18.377930, 17.378125, 16.939867 ],
		"startTime": "2021-05-10 18:03:05.817238554 +0200 CEST m=+0.013689533",
		"EndTime": "2021-05-10 18:17:33.481670964 +0200 CEST m=+867.678122413",
		"totalTime":8.6766443288E+02
	}
]