[
	{
		"id": "qgqyj3fxjl",
		"nrOfEpochs": 21,
		"epochs": [ 2, 2, 2, 3, 4, 4, 5, 5 | 6, 7, 8, 9, 10, 11, 12, 13, 14, 15, 16, 17, 18, 19, 20 ],
		"loss": [ 1.537602, 1.034783, 0.970241, 0.939617, 0.909726, 0.892831, 0.871269, 0.893708 | 0.886224, 0.880553, 0.875031, 0.869592, 0.864603, 0.860640, 0.857670, 0.855360, 0.853501, 0.851967, 0.850655, 0.849522, 0.848506, 0.847587, 0.846727 ],
		"servers": [ 1, 1, 1, 2, 1, 1, 2, 2 | 1, 1, 1, 1, 1, 1, 1, 1, 1, 1, 1, 1, 1, 1, 1 ],
		"workers": [ 1, 1, 1, 1, 2, 2, 2, 2 | 1, 1, 1, 1, 1, 1, 1, 1, 1, 1, 1, 1, 1, 1, 1 ],
		"cost": [ 0.593611, 1.033808, 87050.132802, 87050.475847, 26096.588874, 26096.588874, 184224.617302, 184224.617302 | 66322.715149, 88849.904981, 88849.888082, 72099.518372, 72099.496376, 85314.745849, 85314.737232, 90741.450996, 90741.465641, 95238.774165, 95238.746862, 83914.499824, 83914.499031, 42850.099247, 42850.085160 ],
		"time": [ 9.773776, 24.447680, 25.231269, 24.995009, 35.276946, 35.289416, 37.733503, 37.779731 | 24.695723, 25.218485, 24.655670, 25.559767, 24.636822, 25.262830, 24.981040, 24.407334, 24.895633, 25.255319, 24.343623, 25.063242, 25.040489, 25.542625, 25.117691 ],
		"startTime": "2021-04-30 14:25:20.885376531 +0200 CEST m=+0.013466899",
		"EndTime": "2021-04-30 14:36:08.472884397 +0200 CEST m=+647.600974839",
		"totalTime":6.4758750794E+02
	}
]