[
	{
		"id": "hanzpodkqa",
		"nrOfEpochs": 14,
		"epochs": [ 2, 2, 2, 3, 4, 4, 5, 5 | 6, 6, 7, 7, 8, 8, 9, 9, 10, 10, 11, 11, 12, 12, 13, 13 ],
		"loss": [ 1.537602, 1.034783, 0.970241, 0.939617, 0.892831, 0.909726, 0.871269, 0.893708 | 0.861142, 0.883478, 0.875235, 0.854904, 0.868315, 0.850104, 0.862687, 0.846174, 0.856437, 0.842719, 0.839560, 0.849515, 0.836528, 0.844952, 0.842655, 0.833655 ],
		"servers": [ 1, 1, 1, 2, 1, 1, 2, 2 | 1, 1, 1, 1, 1, 1, 1, 1, 1, 1, 1, 1, 1, 1, 1, 1 ],
		"workers": [ 1, 1, 1, 1, 2, 2, 2, 2 | 2, 2, 2, 2, 2, 2, 2, 2, 2, 2, 2, 2, 2, 2, 2, 2 ],
		"cost": [ 0.634576, 1.285252, 106211.996129, 106212.125916, 70746.804498, 70746.804498, 105376.384562, 105376.384562 | 92778.202538, 92778.202538, 156078.605901, 156078.605901, 156078.577109, 156078.577109, 170608.931946, 170608.931946, 49013.239822, 49013.239822, 65097.798338, 65097.798338, 115929.938328, 115929.938328, 172089.275233, 172089.275233 ],
		"time": [ 11.138488, 32.826657, 31.546238, 24.400430, 44.065907, 44.087930, 42.629271, 42.639821 | 44.127140, 44.175184, 44.447342, 44.455012, 43.733488, 43.733930, 45.230543, 45.270106, 45.227791, 45.241047, 43.279650, 43.293354, 44.406016, 44.419195, 44.315380, 44.337182 ],
		"startTime": "2021-05-04 16:51:15.434266358 +0200 CEST m=+0.013383351",
		"EndTime": "2021-05-04 17:01:23.917725087 +0200 CEST m=+608.496842104",
		"totalTime":6.08483458753E+02
	}
]