[
	{
		"id": "tomf9ob7l7",
		"nrOfEpochs": 21,
		"epochs": [ 2, 2, 2, 3, 4, 4, 5, 5 | 6, 7, 8, 9, 10, 11, 12, 13, 14, 15, 16, 17, 18, 19, 20 ],
		"loss": [ 1.537602, 1.034783, 0.970241, 0.939617, 0.909726, 0.892831, 0.893708, 0.871269 | 0.886224, 0.880553, 0.875031, 0.869592, 0.864603, 0.860640, 0.857670, 0.855360, 0.853501, 0.851967, 0.850655, 0.849522, 0.848506, 0.847587, 0.846727 ],
		"servers": [ 1, 1, 1, 2, 1, 1, 2, 2 | 1, 1, 1, 1, 1, 1, 1, 1, 1, 1, 1, 1, 1, 1, 1 ],
		"workers": [ 1, 1, 1, 1, 2, 2, 2, 2 | 1, 1, 1, 1, 1, 1, 1, 1, 1, 1, 1, 1, 1, 1, 1 ],
		"cost": [ 0.591273, 83127.114541, 83127.105643, 83127.409813, 73280.336797, 73280.336797, 90481.002612, 90481.002612 | 67480.709398, 119597.236321, 119597.229021, 79242.053565, 79242.049983, 143519.610823, 105565.579783, 105565.561582, 60843.768751, 60843.755682, 56187.811327, 56187.789201, 47474.728454, 47474.757332, 99250.217316 ],
		"time": [ 9.696934, 25.156247, 24.858404, 23.746775, 34.753721, 34.778867, 35.404500, 35.418485 | 24.871411, 25.218587, 24.980665, 25.414624, 25.295655, 25.352415, 25.118561, 24.511950, 25.572632, 25.136333, 25.357083, 24.623093, 24.409130, 25.370715, 25.133438 ],
		"startTime": "2021-04-30 15:16:32.815671587 +0200 CEST m=+0.013160253",
		"EndTime": "2021-04-30 15:27:29.112369838 +0200 CEST m=+656.309858550",
		"totalTime":6.56296698297E+02
	}
]