[
	{
		"id": "i5tboxophf",
		"nrOfEpochs": 21,
		"epochs": [ 2, 2, 2, 3, 4, 4, 5, 5 | 6, 7, 8, 9, 10, 11, 12, 13, 14, 15, 16, 17, 18, 19, 20 ],
		"loss": [ 1.537602, 1.034783, 0.970241, 0.939617, 0.909726, 0.892831, 0.893708, 0.871269 | 0.886224, 0.880553, 0.875031, 0.869592, 0.864603, 0.860640, 0.857670, 0.855360, 0.853501, 0.851967, 0.850655, 0.849522, 0.848506, 0.847587, 0.846727 ],
		"servers": [ 1, 1, 1, 2, 1, 1, 2, 2 | 2, 2, 2, 2, 2, 2, 2, 2, 2, 2, 2, 2, 2, 2, 2 ],
		"workers": [ 1, 1, 1, 1, 2, 2, 2, 2 | 1, 1, 1, 1, 1, 1, 1, 1, 1, 1, 1, 1, 1, 1, 1 ],
		"cost": [ 0.634495, 107040.519910, 107040.540264, 101959.492816, 94445.982493, 94445.982493, 194586.645851, 194586.645851 | 62481.459309, 62481.472899, 75236.410789, 100673.309150, 100673.274147, 21171.167278, 21171.088737, 103969.358222, 51924.931251, 51924.890766, 114096.739272, 106866.619178, 106866.607850, 29202.028174, 71683.734522 ],
		"time": [ 11.135515, 31.867643, 32.549080, 31.607912, 33.621925, 33.642976, 39.623102, 39.648164 | 31.081468, 31.422184, 31.698294, 31.762163, 30.889147, 32.584734, 30.621355, 31.464245, 31.793927, 30.784631, 30.886427, 31.997519, 31.715540, 31.083136, 32.696934 ],
		"startTime": "2021-05-01 22:31:24.652493035 +0200 CEST m=+0.013269726",
		"EndTime": "2021-05-01 22:44:22.421728048 +0200 CEST m=+777.782504780",
		"totalTime":7.77769235054E+02
	}
]