[
	{
		"id": "i29iizlwzw",
		"nrOfEpochs": 15,
		"epochs": [ 2, 2, 2, 3, 4, 4, 5, 5 | 6, 6, 7, 7, 8, 8, 9, 9, 10, 10, 11, 11, 12, 12, 13, 13, 14, 14 ],
		"loss": [ 1.537602, 1.034783, 0.970241, 0.939617, 0.892831, 0.909726, 0.871269, 0.893708 | 0.861142, 0.883478, 0.875235, 0.854904, 0.850104, 0.864973, 0.846174, 0.858278, 0.842719, 0.852449, 0.852918, 0.839560, 0.836528, 0.844835, 0.845258, 0.833655, 0.830803, 0.838216 ],
		"servers": [ 1, 1, 1, 2, 1, 1, 2, 2 | 2, 2, 2, 2, 2, 2, 2, 2, 2, 2, 2, 2, 2, 2, 2, 2, 2, 2 ],
		"workers": [ 1, 1, 1, 1, 2, 2, 2, 2 | 2, 2, 2, 2, 2, 2, 2, 2, 2, 2, 2, 2, 2, 2, 2, 2, 2, 2 ],
		"cost": [ 0.590996, 1.039430, 93820.701752, 93821.056580, 74903.590320, 74903.590320, 74903.965965, 74903.965965 | 181154.198336, 181154.198336, 177596.693535, 177596.693535, 177596.719275, 177596.719275, 168166.905598, 168166.905598, 193975.434015, 193975.434015, 193975.416236, 193975.416236, 139229.334310, 139229.334310, 139229.333696, 139229.333696, 205895.989794, 205895.989794 ],
		"time": [ 9.685817, 24.634583, 24.688425, 24.884204, 34.098666, 34.109924, 32.790235, 32.795379 | 32.628002, 32.644573, 31.596519, 31.612534, 32.117376, 32.132031, 32.489985, 32.497606, 32.745421, 32.748838, 32.377841, 32.392245, 32.483466, 32.516259, 32.494726, 32.503103, 32.425555, 32.427216 ],
		"startTime": "2021-04-30 16:38:13.261852541 +0200 CEST m=+0.013443526",
		"EndTime": "2021-04-30 16:46:54.649844397 +0200 CEST m=+521.401435426",
		"totalTime":5.213879919E+02
	}
]