[
	{
		"id": "18e7nj5226",
		"nrOfEpochs": 13,
		"epochs": [ 2, 2, 2, 3, 4, 4, 5, 5 | 6, 6, 7, 7, 8, 8, 9, 9, 10, 10, 11, 11, 12, 12 ],
		"loss": [ 1.537602, 1.034783, 0.970241, 0.939617, 0.892831, 0.909726, 0.893708, 0.871269 | 0.861142, 0.883478, 0.854904, 0.872900, 0.868315, 0.850104, 0.862687, 0.846174, 0.858504, 0.842719, 0.839560, 0.849929, 0.847377, 0.836528 ],
		"servers": [ 1, 1, 1, 2, 1, 1, 2, 2 | 2, 2, 2, 2, 2, 2, 2, 2, 2, 2, 2, 2, 2, 2 ],
		"workers": [ 1, 1, 1, 1, 2, 2, 2, 2 | 2, 2, 2, 2, 2, 2, 2, 2, 2, 2, 2, 2, 2, 2 ],
		"cost": [ 0.596679, 1.053377, 136783.481110, 123195.141265, 111207.693073, 111207.693073, 94237.808352, 94237.808352 | 94237.809154, 94237.809154, 193782.378851, 193782.378851, 130952.734105, 130952.734105, 130952.705639, 130952.705639, 226553.044463, 226553.044463, 168702.797613, 168702.797613, 168702.828606, 168702.828606 ],
		"time": [ 9.874063, 25.097793, 25.177896, 31.633649, 33.365659, 33.410228, 32.750497, 32.752337 | 32.722074, 32.771209, 31.797474, 31.819637, 32.408187, 32.432207, 32.046520, 32.058753, 32.605273, 32.614860, 32.265584, 32.293539, 32.891378, 32.916796 ],
		"startTime": "2021-05-04 09:52:32.611218238 +0200 CEST m=+0.013651014",
		"EndTime": "2021-05-04 10:00:02.154344067 +0200 CEST m=+449.556776878",
		"totalTime":4.49543125864E+02
	}
]