[
	{
		"id": "27ntvnlrny",
		"nrOfEpochs": 20,
		"epochs": [ 2, 2, 2, 3, 4, 4, 5, 5 | 6, 7, 8, 9, 10, 11, 12, 13, 14, 15, 16, 17, 18, 19 ],
		"loss": [ 1.537602, 1.034783, 0.970241, 0.939617, 0.892831, 0.909726, 0.871269, 0.893708 | 0.886224, 0.880553, 0.875031, 0.869592, 0.864603, 0.860640, 0.857670, 0.855360, 0.853501, 0.851967, 0.850655, 0.849522, 0.848506, 0.847587 ],
		"servers": [ 1, 1, 1, 2, 1, 1, 2, 2 | 1, 1, 1, 1, 1, 1, 1, 1, 1, 1, 1, 1, 1, 1 ],
		"workers": [ 1, 1, 1, 1, 2, 2, 2, 2 | 1, 1, 1, 1, 1, 1, 1, 1, 1, 1, 1, 1, 1, 1 ],
		"cost": [ 0.591144, 1.030181, 1.025689, 125809.986755, 207514.777406, 207514.777406, 207515.130205, 207515.130205 | 112041.390853, 112041.365902, 85299.441037, 85299.447849, 52081.288150, 52081.288278, 41998.634035, 41998.638983, 98630.079042, 98630.082459, 87339.418421, 87339.424333, 143394.887404, 143394.871625 ],
		"time": [ 9.685018, 24.327028, 24.176356, 23.657023, 33.457194, 33.466648, 31.817679, 31.827171 | 25.634753, 24.803979, 24.952322, 25.179432, 24.971675, 25.030192, 25.212752, 25.373933, 25.046249, 25.161925, 24.613302, 24.806717, 25.556201, 25.029765 ],
		"startTime": "2021-04-30 13:08:00.571191522 +0200 CEST m=+0.013303192",
		"EndTime": "2021-04-30 13:18:12.636606201 +0200 CEST m=+612.078717964",
		"totalTime":6.12065414772E+02
	}
]