[
	{
		"id": "gjn25qlbx1",
		"nrOfEpochs": 19,
		"epochs": [ 2, 2, 2, 3, 4, 4, 5, 5 | 6, 6, 7, 7, 8, 8, 9, 9, 10, 10, 11, 11, 12, 12, 13, 13, 14, 14, 15, 15, 16, 16, 17, 17, 18, 18 ],
		"loss": [ 1.537602, 1.133112, 1.074253, 1.044879, 1.003999, 0.959362, 0.983012, 0.924943 | 0.903073, 0.954878, 0.945054, 0.888352, 0.923260, 0.877131, 0.917735, 0.867958, 0.894887, 0.860266, 0.883595, 0.853946, 0.872130, 0.848764, 0.863740, 0.844291, 0.856574, 0.840288, 0.850731, 0.836667, 0.833387, 0.843529, 0.830409, 0.838945, 0.827639, 0.834782 ],
		"servers": [ 1, 1, 1, 2, 1, 1, 2, 2 | 2, 2, 2, 2, 2, 2, 2, 2, 2, 2, 2, 2, 2, 2, 2, 2, 2, 2, 2, 2, 2, 2, 2, 2, 2, 2 ],
		"workers": [ 1, 1, 1, 1, 2, 2, 2, 2 | 2, 2, 2, 2, 2, 2, 2, 2, 2, 2, 2, 2, 2, 2, 2, 2, 2, 2, 2, 2, 2, 2, 2, 2, 2, 2 ],
		"cost": [ 0.659564, 1.222505, 102075.460044, 102075.892285, 100442.529419, 100442.529419, 99680.040386, 99680.040386 | 71057.220610, 71057.220610, 85602.216714, 85602.216714, 21132.063898, 21132.063898, 80711.889386, 80711.889386, 116637.207856, 116637.207856, 116637.207430, 116637.207430, 129319.030924, 129319.030924, 53017.987949, 53017.987949, 133916.769187, 133916.769187, 139087.505276, 139087.505276, 124026.000904, 124026.000904, 124025.243388, 124025.243388, 65498.081155, 65498.081155 ],
		"time": [ 11.963589, 30.728164, 28.624037, 29.766994, 44.009335, 44.031251, 43.646144, 43.705444 | 41.494000, 41.495857, 44.578478, 44.601412, 37.692875, 37.784142, 36.742787, 36.827501, 34.656470, 34.755431, 34.759460, 34.759696, 40.450836, 40.462506, 37.570240, 37.643638, 43.763564, 43.782205, 42.098063, 42.147973, 43.129502, 43.132013, 27.944014, 27.989577, 27.374398, 27.402131 ],
		"startTime": "2021-05-04 18:23:05.312160869 +0200 CEST m=+0.013458957",
		"EndTime": "2021-05-04 18:37:30.886162548 +0200 CEST m=+865.587460672",
		"totalTime":8.65574001715E+02
	},
	{
		"id": "y8y7ccyctk",
		"nrOfEpochs": 15,
		"epochs": [ 2, 2, 2, 3, 4, 4, 5, 5 | 6, 6, 7, 7, 8, 8, 9, 9, 10, 10, 11, 11, 12, 12, 13, 13, 14, 14 ],
		"loss": [ 1.537602, 1.034783, 0.970241, 0.939617, 0.909726, 0.892831, 0.893708, 0.871269 | 0.883478, 0.861142, 0.875235, 0.854904, 0.850104, 0.864973, 0.861271, 0.846174, 0.855485, 0.842719, 0.854124, 0.839560, 0.847612, 0.836528, 0.833655, 0.842296, 0.830803, 0.838179 ],
		"servers": [ 1, 1, 1, 2, 1, 1, 2, 2 | 2, 2, 2, 2, 2, 2, 2, 2, 2, 2, 2, 2, 2, 2, 2, 2, 2, 2 ],
		"workers": [ 1, 1, 1, 1, 2, 2, 2, 2 | 2, 2, 2, 2, 2, 2, 2, 2, 2, 2, 2, 2, 2, 2, 2, 2, 2, 2 ],
		"cost": [ 0.591985, 1.101490, 98608.138951, 98608.483478, 24584.840991, 24584.840991, 102170.037816, 102170.037816 | 149.398548, 149.398548, 46466.670886, 46466.670886, 184962.882898, 184962.882898, 64046.907961, 64046.907961, 97763.788917, 97763.788917, 60495.886982, 60495.886982, 138708.308245, 138708.308245, 212707.444848, 212707.444848, 226448.028467, 226448.028467 ],
		"time": [ 9.701177, 26.690625, 26.124043, 25.700531, 42.361132, 42.363450, 42.931635, 42.950253 | 42.758474, 42.770824, 42.453922, 42.474303, 42.878987, 42.880172, 44.640590, 44.642045, 43.264944, 43.288100, 45.639684, 45.645584, 42.114065, 42.154675, 42.526532, 42.560356, 42.233103, 42.261147 ],
		"startTime": "2021-05-04 18:23:05.312160869 +0200 CEST m=+0.013458957",
		"EndTime": "2021-05-04 18:35:21.861269258 +0200 CEST m=+736.562567456",
		"totalTime":7.36549108499E+02
	},
	{
		"id": "gog7fyde04",
		"nrOfEpochs": 18,
		"epochs": [ 2, 2, 2, 3, 4, 4, 5, 5 | 6, 6, 7, 7, 8, 8, 9, 9, 10, 10, 11, 11, 12, 12, 13, 13, 14, 14, 15, 15, 16, 16, 17, 17 ],
		"loss": [ 1.537602, 1.133112, 1.074253, 1.044879, 0.959362, 1.003999, 0.983012, 0.924943 | 0.969425, 0.903073, 0.888352, 0.933761, 0.923911, 0.877131, 0.867958, 0.898223, 0.860266, 0.885498, 0.877815, 0.853946, 0.875149, 0.848764, 0.844291, 0.859993, 0.856429, 0.840288, 0.836667, 0.847533, 0.833387, 0.842861, 0.840147, 0.830409 ],
		"servers": [ 1, 1, 1, 2, 1, 1, 2, 2 | 2, 2, 2, 2, 2, 2, 2, 2, 2, 2, 2, 2, 2, 2, 2, 2, 2, 2, 2, 2, 2, 2, 2, 2 ],
		"workers": [ 1, 1, 1, 1, 2, 2, 2, 2 | 2, 2, 2, 2, 2, 2, 2, 2, 2, 2, 2, 2, 2, 2, 2, 2, 2, 2, 2, 2, 2, 2, 2, 2 ],
		"cost": [ 0.673249, 1.215088, 95199.224199, 95199.636194, 99617.796956, 99617.796956, 141702.111361, 141702.111361 | 55843.594612, 55843.594612, 105740.543495, 105740.543495, 53628.996907, 53628.996907, 190961.811327, 190961.811327, 190961.616403, 190961.616403, 44831.243288, 44831.243288, 56186.663739, 56186.663739, 56186.378390, 56186.378390, 194768.178206, 194768.178206, 82602.394787, 82602.394787, 60459.495484, 60459.495484, 165068.399668, 165068.399668 ],
		"time": [ 12.420283, 30.475900, 29.281318, 29.754359, 47.094506, 47.100873, 40.095700, 40.110621 | 41.275532, 41.295887, 41.927914, 41.975613, 33.524462, 33.549633, 38.159819, 38.161577, 34.251947, 34.260979, 35.644086, 35.651065, 36.918761, 36.935764, 31.196843, 31.230671, 34.273890, 34.276345, 39.082947, 39.101951, 37.346969, 37.362515, 38.456595, 38.468470 ],
		"startTime": "2021-05-04 18:23:05.312160869 +0200 CEST m=+0.013458957",
		"EndTime": "2021-05-04 18:36:26.331702848 +0200 CEST m=+801.033000963",
		"totalTime":8.01019542006E+02
	}
]