[
	{
		"id": "7ip0cui4rs",
		"nrOfEpochs": 15,
		"epochs": [ 2, 2, 2, 3, 4, 4, 5, 5 | 6, 6, 7, 7, 8, 8, 9, 9, 10, 10, 11, 11, 12, 12, 13, 13, 14, 14 ],
		"loss": [ 1.537602, 1.034783, 0.970241, 0.939617, 0.909726, 0.892831, 0.893708, 0.871269 | 0.883478, 0.861142, 0.875235, 0.854904, 0.868315, 0.850104, 0.846174, 0.858946, 0.842719, 0.853252, 0.850239, 0.839560, 0.848943, 0.836528, 0.833655, 0.841785, 0.840094, 0.830803 ],
		"servers": [ 1, 1, 1, 2, 1, 1, 2, 2 | 2, 2, 2, 2, 2, 2, 2, 2, 2, 2, 2, 2, 2, 2, 2, 2, 2, 2 ],
		"workers": [ 1, 1, 1, 1, 2, 2, 2, 2 | 2, 2, 2, 2, 2, 2, 2, 2, 2, 2, 2, 2, 2, 2, 2, 2, 2, 2 ],
		"cost": [ 0.589093, 1.044823, 99557.840588, 99558.510753, 60442.890546, 60442.890546, 89541.004183, 89541.004183 | 35494.862782, 35494.862782, 45493.693074, 45493.693074, 111992.660154, 111992.660154, 139044.498216, 139044.498216, 149059.030716, 149059.030716, 156924.415136, 156924.415136, 156924.160985, 156924.160985, 170017.429321, 170017.429321, 97420.795900, 97420.795900 ],
		"time": [ 9.616728, 24.781166, 25.273048, 33.200873, 53.616007, 53.686145, 53.864599, 53.901343 | 57.441005, 57.468231, 48.919996, 48.945049, 53.910988, 53.914021, 61.256176, 61.257529, 64.434477, 64.446530, 47.032206, 47.064540, 41.971618, 41.988846, 38.775441, 38.786356, 39.570515, 39.585882 ],
		"startTime": "2021-05-07 14:38:58.531853435 +0200 CEST m=+0.013833431",
		"EndTime": "2021-05-07 14:53:42.022330346 +0200 CEST m=+883.504310388",
		"totalTime":8.83490476957E+02
	},
	{
		"id": "0ubns4zroq",
		"nrOfEpochs": 14,
		"epochs": [ 2, 2, 2, 3, 4, 4, 5, 5 | 6, 6, 7, 7, 8, 8, 9, 9, 10, 10, 11, 11, 12, 12, 13, 13 ],
		"loss": [ 1.537602, 1.034783, 0.970241, 0.939617, 0.909726, 0.892831, 0.871269, 0.893708 | 0.883478, 0.861142, 0.854904, 0.872900, 0.850104, 0.864506, 0.846174, 0.857717, 0.842719, 0.852244, 0.839560, 0.847683, 0.836528, 0.843747, 0.833655, 0.840234 ],
		"servers": [ 1, 1, 1, 2, 1, 1, 2, 2 | 2, 2, 2, 2, 2, 2, 2, 2, 2, 2, 2, 2, 2, 2, 2, 2 ],
		"workers": [ 1, 1, 1, 1, 2, 2, 2, 2 | 2, 2, 2, 2, 2, 2, 2, 2, 2, 2, 2, 2, 2, 2, 2, 2 ],
		"cost": [ 0.802375, 1.229922, 94317.912214, 139654.926984, 172089.962030, 172089.962030, 172090.397847, 172090.397847 | 18798.081950, 18798.081950, 163490.844697, 163490.844697, 70588.793831, 70588.793831, 170063.503183, 170063.503183, 177566.739534, 177566.739534, 206003.992954, 206003.992954, 206003.549967, 206003.549967, 189160.326615, 189160.326615 ],
		"time": [ 10.028311, 30.978262, 30.941303, 41.245706, 48.744906, 48.753764, 45.660344, 45.708760 | 44.039575, 44.041182, 44.945892, 45.024002, 44.477977, 44.493848, 43.612287, 43.629674, 40.665471, 40.711033, 47.187935, 47.243864, 38.378860, 38.390877, 36.518458, 36.539577 ],
		"startTime": "2021-05-07 14:38:58.531853435 +0200 CEST m=+0.013833431",
		"EndTime": "2021-05-07 14:51:50.812812448 +0200 CEST m=+772.294792493",
		"totalTime":7.72280959062E+02
	},
	{
		"id": "t94lweyd22",
		"nrOfEpochs": 15,
		"epochs": [ 2, 2, 2, 2, 2, 2, 3, 4, 4, 5, 5 | 6, 6, 7, 7, 8, 8, 9, 9, 10, 10, 11, 11, 12, 12, 13, 13, 14, 14 ],
		"loss": [ 1.537602, 1.034783, 1.003271, 0.955991, 0.941850, 0.931985, 0.923575, 0.884613, 0.907812, 0.872785, 0.895875 | 0.863624, 0.884942, 0.856908, 0.874827, 0.852014, 0.866463, 0.867031, 0.848195, 0.844973, 0.855735, 0.856479, 0.842095, 0.839441, 0.847745, 0.848299, 0.837049, 0.834874, 0.841481 ],
		"servers": [ 1, 1, 1, 1, 1, 1, 2, 1, 1, 2, 2 | 2, 2, 2, 2, 2, 2, 2, 2, 2, 2, 2, 2, 2, 2, 2, 2, 2, 2 ],
		"workers": [ 1, 1, 1, 1, 1, 1, 1, 2, 2, 2, 2 | 2, 2, 2, 2, 2, 2, 2, 2, 2, 2, 2, 2, 2, 2, 2, 2, 2, 2 ],
		"cost": [ 0.651585, 1.526009, 104735.082547, 96547.604392, 96546.920001, 96546.873093, 107549.551087, 104374.790311, 104374.790311, 104375.013781, 104375.013781 | 34536.890522, 34536.890522, 34536.598233, 34536.598233, 30978.511356, 30978.511356, 114537.574520, 114537.574520, 114537.603395, 114537.603395, 51384.901382, 51384.901382, 51384.986319, 51384.986319, 120460.581012, 120460.581012, 66606.072337, 66606.072337 ],
		"time": [ 11.700703, 40.846451, 19.044708, 48.544471, 25.733161, 24.163670, 26.089148, 21.493402, 21.501611, 19.423298, 19.484868 | 29.454614, 29.491327, 23.635749, 23.641120, 26.650663, 26.651296, 25.261364, 25.273041, 25.853615, 25.854744, 27.655722, 27.657453, 29.341901, 29.355749, 29.958059, 29.985453, 26.950056, 26.976127 ],
		"startTime": "2021-05-07 14:38:58.531853435 +0200 CEST m=+0.013833431",
		"EndTime": "2021-05-07 14:50:32.859914037 +0200 CEST m=+694.341894081",
		"totalTime":6.9432806065E+02
	}
]