[
	{
		"id": "6n17b4tzzi",
		"nrOfEpochs": 15,
		"epochs": [ 2, 2, 2, 3, 4, 4, 5, 5 | 6, 7, 8, 9, 10, 11, 12, 13, 14 ],
		"loss": [ 1.537602, 1.116716, 1.026161, 0.980405, 0.923720, 0.934314, 0.898736, 0.903062 | 0.883943, 0.873836, 0.866456, 0.860711, 0.856140, 0.852343, 0.849140, 0.846347, 0.843827 ],
		"servers": [ 1, 1, 1, 2, 1, 1, 2, 2 | 2, 1, 1, 1, 1, 1, 1, 2, 1 ],
		"workers": [ 1, 1, 1, 1, 2, 2, 2, 2 | 1, 1, 1, 1, 1, 1, 1, 1, 1 ],
		"cost": [ 0.769504, 1.346899, 60325.066725, 60325.176378, 83119.479448, 83119.479448, 102858.165809, 102858.165809 | 60.974307, 44987.536298, 80458.643847, 80458.353615, 65602.641214, 65602.706599, 91423.104639, 25257.460598, 25257.033292 ],
		"time": [ 15.623237, 34.873299, 29.507033, 22.364488, 54.364538, 54.383433, 58.026052, 58.063832 | 31.801706, 27.542532, 31.269449, 21.593376, 30.215228, 32.402131, 33.510856, 30.339905, 29.557217 ],
		"startTime": "2021-05-07 13:00:47.719595209 +0200 CEST m=+0.013104100",
		"EndTime": "2021-05-07 13:13:14.723101805 +0200 CEST m=+747.016610754",
		"totalTime":7.47003506654E+02
	},
	{
		"id": "zmrlquoh7a",
		"nrOfEpochs": 29,
		"epochs": [ 2, 2, 2, 2, 3, 4, 4, 5, 5 | 6, 7, 8, 9, 10, 11, 12, 13, 14, 15, 16, 17, 18, 19, 20, 21, 22, 23, 24, 25, 26, 27, 28 ],
		"loss": [ 1.537602, 1.034783, 1.003271, 0.980010, 0.962640, 0.936791, 0.909916, 0.893543, 0.918159 | 0.911868, 0.906137, 0.900744, 0.895760, 0.891144, 0.886920, 0.883022, 0.879412, 0.876144, 0.873175, 0.870461, 0.867970, 0.865655, 0.863453, 0.861389, 0.859410, 0.857512, 0.855633, 0.853754, 0.851864, 0.849981, 0.848114, 0.846269 ],
		"servers": [ 1, 1, 1, 1, 2, 1, 1, 2, 2 | 1, 1, 2, 2, 2, 2, 2, 2, 2, 2, 2, 2, 2, 2, 2, 2, 2, 2, 2, 2, 2, 2, 2 ],
		"workers": [ 1, 1, 1, 1, 1, 2, 2, 2, 2 | 1, 1, 1, 1, 1, 1, 1, 1, 1, 1, 1, 1, 1, 1, 1, 1, 1, 1, 1, 1, 1, 1, 1 ],
		"cost": [ 0.637956, 1.643589, 111328.421232, 111328.279409, 47592.038526, 41214.772769, 41214.772769, 122963.794759, 122963.794759 | 44.923853, 59007.127161, 59007.152705, 78472.823167, 78472.757942, 59307.699902, 59307.841660, 105028.472586, 105028.730202, 17670.430002, 17670.096498, 66777.876334, 66777.723870, 66777.770849, 34620.298635, 34620.162761, 34620.213823, 71791.734296, 71791.848835, 71791.905350, 52938.003830, 52938.075271, 52937.976389 ],
		"time": [ 11.242569, 44.763241, 22.383063, 17.649813, 19.585474, 43.343711, 43.363937, 48.984838, 48.999414 | 31.651138, 23.557735, 15.805810, 22.634020, 20.990703, 18.401331, 21.933770, 15.704521, 22.142266, 23.809520, 15.479458, 18.575207, 14.761533, 15.933839, 17.866322, 14.470605, 15.746418, 14.088748, 16.954853, 18.342392, 14.828600, 16.611330, 14.139702 ],
		"startTime": "2021-05-07 13:00:47.719595209 +0200 CEST m=+0.013104100",
		"EndTime": "2021-05-07 13:17:16.140621938 +0200 CEST m=+988.434130956",
		"totalTime":9.88421026856E+02
	},
	{
		"id": "71obkooqdc",
		"nrOfEpochs": 51,
		"epochs": [ 2, 2, 2, 2, 2, 3, 4, 4, 5, 5 | 6, 7, 8, 9, 10, 11, 12, 13, 14, 15, 16, 17, 18, 19, 20, 21, 22, 23, 24, 25, 26, 27, 28, 29, 30, 31, 32, 33, 34, 35, 36, 37, 38, 39, 40, 41, 42, 43, 44, 45, 46, 47, 48, 49, 50 ],
		"loss": [ 1.537602, 1.133112, 1.007284, 1.059032, 1.034450, 1.015739, 0.934555, 0.987584, 0.972747, 0.909323 | 0.963989, 0.953640, 0.957457, 0.951431, 0.947168, 0.946229, 0.942260, 0.938291, 0.934290, 0.930250, 0.926131, 0.921828, 0.917408, 0.912824, 0.908169, 0.903672, 0.899486, 0.895625, 0.892158, 0.888948, 0.886006, 0.883320, 0.880852, 0.878570, 0.876459, 0.874454, 0.872559, 0.870738, 0.868995, 0.867319, 0.865677, 0.864077, 0.862514, 0.861013, 0.859553, 0.858110, 0.856757, 0.855406, 0.854128, 0.852895, 0.851724, 0.850620, 0.849594, 0.848649, 0.847742 ],
		"servers": [ 1, 1, 1, 1, 1, 2, 1, 1, 2, 2 | 1, 1, 1, 2, 1, 1, 1, 1, 1, 1, 1, 1, 1, 1, 1, 1, 1, 1, 1, 1, 1, 1, 1, 1, 1, 1, 1, 1, 1, 1, 1, 1, 1, 1, 1, 1, 1, 1, 1, 1, 1, 1, 1, 1, 1 ],
		"workers": [ 1, 1, 1, 1, 1, 1, 2, 2, 2, 2 | 1, 1, 1, 1, 1, 1, 1, 1, 1, 1, 1, 1, 1, 1, 1, 1, 1, 1, 1, 1, 1, 1, 1, 1, 1, 1, 1, 1, 1, 1, 1, 1, 1, 1, 1, 1, 1, 1, 1, 1, 1, 1, 1, 1, 1 ],
		"cost": [ 13.995908, 14.676941, 62341.155135, 62341.611811, 76719.594266, 42002.242203, 86729.480868, 86729.480868, 155313.045458, 155313.045458 | 80068.767682, 89624.852509, 44814.736553, 82793.346209, 78300.671196, 61035.679460, 17416.311761, 57302.000526, 57301.947242, 66012.383201, 66012.436884, 76588.101919, 46383.435650, 46383.446532, 78851.032253, 78850.993866, 70337.475293, 70337.479722, 84471.688274, 84471.682409, 84471.691305, 89356.753186, 89356.758798, 80723.254858, 80723.262211, 69411.702609, 69411.705029, 45471.764076, 45471.772522, 45471.776007, 63749.398674, 63749.397513, 84769.759472, 84769.750741, 92853.573353, 92853.573465, 43055.213512, 43055.213521, 55950.417820, 55950.408891, 55950.394881, 104220.321692, 104220.318211, 96809.515593, 96809.504518 ],
		"time": [ 11.806619, 41.781098, 18.924927, 34.113002, 41.588448, 41.894488, 55.587463, 55.608320, 32.861959, 32.866212 | 37.776178, 29.958382, 38.041056, 35.048844, 39.622010, 36.959256, 36.587626, 33.179917, 31.403862, 27.561014, 29.349764, 30.240027, 28.541510, 28.914405, 24.556439, 23.275556, 23.484992, 23.633302, 23.576209, 23.376933, 23.673167, 23.457424, 23.623596, 23.322454, 23.567915, 23.266734, 23.344085, 23.019231, 23.305297, 23.420371, 23.516750, 23.477856, 23.567210, 23.259341, 23.347559, 23.351659, 23.506887, 23.506852, 23.736321, 23.434994, 22.973815, 23.535336, 23.418515, 23.764838, 23.383373 ],
		"startTime": "2021-05-07 13:00:47.719595209 +0200 CEST m=+0.013104100",
		"EndTime": "2021-05-07 13:31:02.991864815 +0200 CEST m=+1815.285373787",
		"totalTime":1.815272269687E+03
	}
]