[
	{
		"id": "lhzs3b4maa",
		"nrOfEpochs": 14,
		"epochs": [ 2, 2, 2, 3, 4, 4, 5, 5 | 6, 6, 7, 7, 8, 8, 9, 9, 10, 10, 11, 11, 12, 12, 13, 13 ],
		"loss": [ 1.537602, 1.034783, 0.970241, 0.939617, 0.892831, 0.909726, 0.871269, 0.893708 | 0.883478, 0.861142, 0.854904, 0.872900, 0.868315, 0.850104, 0.861473, 0.846174, 0.858504, 0.842719, 0.839560, 0.849686, 0.847329, 0.836528, 0.833655, 0.841351 ],
		"servers": [ 1, 1, 1, 2, 1, 1, 2, 2 | 2, 2, 2, 2, 2, 2, 2, 2, 2, 2, 2, 2, 2, 2, 2, 2 ],
		"workers": [ 1, 1, 1, 1, 2, 2, 2, 2 | 2, 2, 2, 2, 2, 2, 2, 2, 2, 2, 2, 2, 2, 2, 2, 2 ],
		"cost": [ 0.588239, 1.030987, 148603.037642, 148603.355119, 123245.076023, 123245.076023, 216727.304072, 216727.304072 | 216727.379658, 216727.379658, 231957.517529, 231957.517529, 239927.931672, 239927.931672, 239927.962673, 239927.962673, 211869.881450, 211869.881450, 103578.958501, 103578.958501, 237893.075898, 237893.075898, 237893.072904, 237893.072904 ],
		"time": [ 9.591897, 24.353500, 24.335063, 23.684460, 34.328102, 34.342526, 36.452184, 36.457980 | 37.969979, 37.971337, 38.654857, 38.711813, 36.357525, 36.379654, 36.994266, 36.997652, 36.935998, 36.937365, 37.184724, 37.223961, 36.327598, 36.332288, 36.268671, 36.270140 ],
		"startTime": "2021-05-07 13:56:18.022314963 +0200 CEST m=+0.013668131",
		"EndTime": "2021-05-07 14:05:03.951794293 +0200 CEST m=+525.943147502",
		"totalTime":5.25929479371E+02
	}
]