[
	{
		"id": "pg5kz50pyq",
		"nrOfEpochs": 20,
		"epochs": [ 2, 2, 2, 3, 4, 4, 5, 5 | 6, 7, 8, 9, 10, 11, 12, 13, 14, 15, 16, 17, 18, 19 ],
		"loss": [ 1.537602, 1.034783, 0.970241, 0.939617, 0.892831, 0.909726, 0.871269, 0.893708 | 0.886224, 0.880553, 0.875031, 0.869592, 0.864603, 0.860640, 0.857670, 0.855360, 0.853501, 0.851967, 0.850655, 0.849522, 0.848506, 0.847587 ],
		"servers": [ 1, 1, 1, 2, 1, 1, 2, 2 | 1, 1, 1, 1, 1, 1, 1, 1, 1, 1, 1, 1, 1, 1 ],
		"workers": [ 1, 1, 1, 1, 2, 2, 2, 2 | 1, 1, 1, 1, 1, 1, 1, 1, 1, 1, 1, 1, 1, 1 ],
		"cost": [ 0.630638, 60808.193887, 60808.194377, 102690.235738, 56382.017633, 56382.017633, 133413.919611, 133413.919611 | 48523.046649, 80520.543606, 107314.249497, 107314.249825, 59427.388369, 59427.385312, 106829.555436, 66090.261894, 66090.255706, 29926.937877, 107380.522600, 107380.500812, 30611.941165, 30611.930695 ],
		"time": [ 11.002265, 33.337715, 33.351073, 31.551068, 44.411044, 44.413123, 43.450871, 43.456381 | 32.056955, 32.027584, 32.447684, 32.459369, 31.946372, 31.838180, 32.435620, 32.184050, 31.958121, 32.308411, 32.794752, 32.066135, 33.008756, 32.657768 ],
		"startTime": "2021-05-07 13:31:32.081440109 +0200 CEST m=+0.013810752",
		"EndTime": "2021-05-07 13:44:10.606031749 +0200 CEST m=+758.538402451",
		"totalTime":7.58524591699E+02
	}
]