[
	{
		"id": "rriinyngn8",
		"nrOfEpochs": 9,
		"epochs": [ 2, 2, 2, 2, 3, 4, 4, 5, 5 | 6, 6, 7, 7, 8, 8 ],
		"loss": [ 0.000000, 0.000000, 0.000000, 0.000000, 0.000000, 0.000000, 0.000000, 0.000000, 0.000000 | 0.000000, 0.000000, 0.000000, 0.000000, 0.000000, 0.000000 ],
		"servers": [ 1, 1, 1, 1, 2, 1, 1, 2, 2 | 2, 2, 2, 2, 2, 2 ],
		"workers": [ 1, 1, 1, 1, 1, 2, 2, 2, 2 | 2, 2, 2, 2, 2, 2 ],
		"cost": [ 0.457047, 6479.448070, 6479.461394, 6479.480984, 6479.674665, 6479.672724, 6479.672724, 6479.838586, 6479.838586 | 148.261027, 148.261027, 29604.803086, 29604.803086, 29604.756892, 29604.756892 ],
		"time": [ 5.215118, 5.444695, 5.882891, 6.540830, 7.241143, 5.341927, 7.194716, 5.305551, 7.064433 | 5.222088, 5.222307, 5.184867, 6.266160, 5.248602, 5.339518 ],
		"startTime": "2021-05-08 12:59:43.447471739 +0200 CEST m=+0.013651353",
		"EndTime": "2021-05-08 13:06:42.111746982 +0200 CEST m=+418.677926739",
		"totalTime":4.18664275386E+02
	},
	{
		"id": "5kywrs77rp",
		"nrOfEpochs": 20,
		"epochs": [ 2, 2, 2, 2, 3, 4, 4, 5, 5 | 6, 6, 7, 7, 8, 8, 9, 9, 10, 10, 11, 11, 12, 12, 13, 13, 14, 14, 15, 15, 16, 16, 17, 17, 18, 18, 19, 19 ],
		"loss": [ 3.077966, 1.589471, 1.866124, 1.633230, 1.629894, 1.296828, 1.531298, 1.550102, 1.528270 | 1.507278, 1.068280, 1.090308, 1.135324, 0.730164, 1.052900, 0.987100, 0.782972, 0.937692, 0.749734, 0.902079, 0.690703, 0.665988, 0.715427, 0.357058, 0.666251, 0.619085, 0.443048, 0.380126, 0.493114, 0.520325, 0.491139, 0.379722, 0.225507, 0.323619, 0.141240, 0.312246, 0.276467 ],
		"servers": [ 1, 1, 1, 1, 2, 1, 1, 2, 2 | 2, 2, 2, 2, 2, 2, 2, 2, 2, 2, 2, 2, 2, 2, 2, 2, 2, 2, 2, 2, 2, 2, 2, 2, 2, 2, 2, 2 ],
		"workers": [ 1, 1, 1, 1, 1, 2, 2, 2, 2 | 2, 2, 2, 2, 2, 2, 2, 2, 2, 2, 2, 2, 2, 2, 2, 2, 2, 2, 2, 2, 2, 2, 2, 2, 2, 2, 2, 2 ],
		"cost": [ 136727.382085, 137749.351951, 137748.647446, 83388.238034, 83388.559758, 113647.686878, 113647.686878, 113647.970874, 113647.970874 | 22305.149942, 22305.149942, 162763.759806, 162763.759806, 162763.509388, 162763.509388, 139426.496260, 139426.496260, 139426.446335, 139426.446335, 78400.820056, 78400.820056, 78400.894403, 78400.894403, 63034.827973, 63034.827973, 63034.831337, 63034.831337, 42182.012932, 42182.012932, 42181.953148, 42181.953148, 121653.410426, 121653.410426, 121653.203183, 121653.203183, 172848.397331, 172848.397331 ],
		"time": [ 92.039379, 47.177210, 23.727314, 20.562291, 20.963644, 24.115007, 24.135591, 22.958234, 22.982148 | 33.022606, 33.030900, 28.317290, 28.324663, 23.245278, 23.310885, 25.191742, 25.276520, 24.253464, 24.272903, 24.452542, 24.589998, 25.882882, 26.079471, 24.610297, 24.666292, 24.669927, 24.734478, 25.067414, 25.104820, 23.823169, 23.913271, 27.200013, 27.314585, 23.117614, 23.173699, 22.047820, 22.048513 ],
		"startTime": "2021-05-08 12:59:43.447471739 +0200 CEST m=+0.013651353",
		"EndTime": "2021-05-08 13:13:34.712686008 +0200 CEST m=+831.278865743",
		"totalTime":8.3126521439E+02
	},
	{
		"id": "bpder2iorq",
		"nrOfEpochs": 18,
		"epochs": [ 2, 2, 2, 2, 3, 4, 4, 5, 5 | 6, 6, 7, 7, 8, 8, 9, 9, 10, 10, 11, 11, 12, 12, 13, 13, 14, 14, 15, 15, 16, 16, 17, 17 ],
		"loss": [ 3.176799, 1.435430, 1.945113, 1.955555, 1.702245, 1.822706, 1.571535, 1.413341, 1.218078 | 1.313379, 1.225172, 0.993509, 1.232696, 0.836318, 0.694619, 0.996463, 0.772625, 0.906544, 0.691374, 0.655566, 0.804515, 0.500364, 0.711673, 0.616163, 0.495068, 0.625556, 0.589765, 0.281730, 0.253270, 0.258700, 0.401804, 0.297769, 0.243929 ],
		"servers": [ 1, 1, 1, 1, 2, 1, 1, 2, 2 | 2, 2, 2, 2, 2, 2, 2, 2, 2, 2, 2, 2, 2, 2, 2, 2, 2, 2, 2, 2, 2, 2, 2, 2 ],
		"workers": [ 1, 1, 1, 1, 1, 2, 2, 2, 2 | 2, 2, 2, 2, 2, 2, 2, 2, 2, 2, 2, 2, 2, 2, 2, 2, 2, 2, 2, 2, 2, 2, 2, 2 ],
		"cost": [ 133084.048357, 133082.948545, 129393.863605, 129393.810287, 33371.063470, 33371.291344, 33371.291344, 131942.173613, 131942.173613 | 16195.933307, 16195.933307, 125818.930507, 125818.930507, 125818.649595, 125818.649595, 74198.944473, 74198.944473, 74198.933421, 74198.933421, 90415.648236, 90415.648236, 90415.640938, 90415.640938, 142569.026630, 142569.026630, 142569.142652, 142569.142652, 201398.048147, 201398.048147, 201398.036241, 201398.036241, 247501.937983, 247501.937983 ],
		"time": [ 82.539339, 45.876131, 25.089359, 23.313704, 20.646096, 26.256736, 26.345758, 22.106993, 22.131730 | 34.052345, 34.087580, 29.749557, 29.758037, 24.104706, 24.149148, 24.636578, 24.689303, 24.460552, 24.466595, 26.067179, 26.107230, 25.947530, 25.960187, 23.879102, 23.902014, 26.208445, 26.224204, 24.472464, 24.509307, 24.432702, 24.434881, 27.223714, 27.269196 ],
		"startTime": "2021-05-08 12:59:43.447471739 +0200 CEST m=+0.013651353",
		"EndTime": "2021-05-08 13:12:46.107987579 +0200 CEST m=+782.674167232",
		"totalTime":7.82660515879E+02
	}
]