[
	{
		"id": "txbntyijz2",
		"nrOfEpochs": 16,
		"epochs": [ 2, 2, 2, 3, 4, 4, 5, 5 | 6, 7, 8, 9, 10, 11, 12, 13, 14, 15 ],
		"loss": [ 2.172025, 1.795623, 1.763213, 1.261970, 1.726837, 1.346525, 1.484704, 1.363856 | 1.436778, 1.406645, 1.146972, 0.708232, 0.727948, 1.004857, 0.674122, 0.360672, 0.212135, 0.378103 ],
		"servers": [ 1, 1, 1, 2, 1, 1, 2, 2 | 2, 2, 2, 2, 2, 2, 2, 2, 2, 2 ],
		"workers": [ 1, 1, 1, 1, 2, 2, 2, 2 | 1, 1, 1, 1, 1, 1, 1, 1, 1, 1 ],
		"cost": [ 1.772894, 172526.508173, 170524.632558, 170525.116670, 63165.611387, 63165.611387, 45450.266060, 45450.266060 | 74312.086399, 74312.051920, 163596.348417, 163596.359337, 170437.674209, 87930.863102, 87930.855391, 136179.425990, 168240.496154, 168240.517092 ],
		"time": [ 49.074242, 31.655837, 31.573663, 33.280267, 50.095666, 50.135143, 51.364347, 51.382680 | 32.429724, 31.564359, 31.750846, 32.019005, 32.367480, 31.965401, 31.769563, 32.030795, 32.436566, 32.955208 ],
		"startTime": "2021-05-07 15:14:03.233485194 +0200 CEST m=+0.013534088",
		"EndTime": "2021-05-07 15:26:05.463792441 +0200 CEST m=+722.243841388",
		"totalTime":7.222303073E+02
	},
	{
		"id": "3nlj4j613a",
		"nrOfEpochs": 16,
		"epochs": [ 2, 2, 2, 3, 4, 4, 5, 5 | 6, 7, 8, 9, 10, 11, 12, 13, 14, 15 ],
		"loss": [ 1.248392, 1.248392, 1.248392, 1.248392, 1.248392, 1.248392, 1.248392, 1.214419 | 1.241598, 1.202169, 1.088755, 0.749344, 1.099257, 0.899542, 0.638967, 0.481605, 0.272430, 0.403650 ],
		"servers": [ 1, 1, 1, 2, 1, 1, 2, 2 | 2, 2, 2, 2, 2, 2, 2, 2, 2, 2 ],
		"workers": [ 1, 1, 1, 1, 2, 2, 2, 2 | 1, 1, 1, 1, 1, 1, 1, 1, 1, 1 ],
		"cost": [ 1.825440, 94845.576034, 94845.597483, 138759.956403, 42250.211787, 42250.211787, 57186.307405, 57186.307405 | 101560.645410, 101560.572386, 165551.305153, 57937.594878, 57937.573810, 128144.709540, 89755.452998, 89755.437035, 142150.919325, 70613.171533 ],
		"time": [ 50.829365, 31.169715, 31.909058, 33.025878, 52.878362, 52.916220, 53.516978, 53.548071 | 34.217756, 32.388919, 32.615939, 33.534751, 33.008111, 33.717747, 32.747979, 32.350513, 31.856145, 31.546237 ],
		"startTime": "2021-05-07 15:14:03.233485194 +0200 CEST m=+0.013534088",
		"EndTime": "2021-05-07 15:26:25.929620374 +0200 CEST m=+742.709669313",
		"totalTime":7.42696135225E+02
	}
]