[
	{
		"id": "bubavqytu0",
		"nrOfEpochs": 18,
		"epochs": [ 2, 2, 2, 3, 4, 4, 5, 5 | 6, 6, 7, 7, 8, 8, 9, 9, 10, 10, 11, 11, 12, 12, 13, 13, 14, 14, 15, 15, 16, 16, 17, 17 ],
		"loss": [ 4.030582, 1.810176, 2.037904, 1.733739, 1.223079, 1.570745, 1.452639, 1.426783 | 1.086841, 1.352017, 1.377805, 1.339217, 1.256152, 1.198841, 0.955211, 1.225445, 0.681743, 0.793151, 0.744757, 0.696039, 0.714484, 0.726035, 0.581050, 0.692473, 0.682016, 0.320527, 0.442397, 0.138828, 0.455248, 0.202427, 0.197087, 0.287197 ],
		"servers": [ 1, 1, 1, 2, 1, 1, 2, 2 | 1, 1, 1, 1, 1, 1, 1, 1, 1, 1, 1, 1, 1, 1, 1, 1, 1, 1, 1, 1, 1, 1, 1, 1 ],
		"workers": [ 1, 1, 1, 1, 2, 2, 2, 2 | 2, 2, 2, 2, 2, 2, 2, 2, 2, 2, 2, 2, 2, 2, 2, 2, 2, 2, 2, 2, 2, 2, 2, 2 ],
		"cost": [ 148563.784976, 148563.255570, 139067.837843, 139068.234621, 267480.190836, 267480.190836, 267480.691542, 267480.691542 | 258948.403256, 258948.403256, 260335.953171, 260335.953171, 205084.984107, 205084.984107, 138025.309037, 138025.309037, 141120.392051, 141120.392051, 209741.515516, 209741.515516, 107363.764646, 107363.764646, 69250.250123, 69250.250123, 125825.752070, 125825.752070, 119225.642835, 119225.642835, 63413.578538, 63413.578538, 110813.270010, 110813.270010 ],
		"time": [ 49.187284, 31.522079, 31.743517, 31.222548, 54.904945, 54.954981, 51.939546, 51.975300 | 53.088028, 53.110200, 50.372868, 50.399980, 52.733015, 52.764494, 51.281122, 51.338037, 53.305377, 53.367778, 51.775685, 51.807805, 52.627776, 52.660055, 56.538266, 56.553703, 51.509088, 51.537713, 50.457620, 50.509854, 50.937537, 50.940944, 52.572262, 52.626927 ],
		"startTime": "2021-05-05 00:34:24.665428572 +0200 CEST m=+0.013744620",
		"EndTime": "2021-05-05 00:50:54.713519789 +0200 CEST m=+990.061835861",
		"totalTime":9.90048091241E+02
	}
]