[
	{
		"id": "is9c5843u6",
		"nrOfEpochs": 18,
		"epochs": [ 2, 2, 2, 3, 4, 4, 5, 5 | 6, 7, 8, 9, 10, 11, 12, 13, 14, 15, 16, 17 ],
		"loss": [ 2.123709, 1.882717, 1.891212, 1.965879, 1.376812, 1.570595, 1.190090, 1.514209 | 1.318903, 1.393547, 1.112746, 0.860527, 0.701526, 0.441415, 0.570052, 0.395461, 0.593796, 0.091048, 0.382195, 0.406511 ],
		"servers": [ 1, 1, 1, 2, 1, 1, 2, 2 | 2, 2, 2, 2, 2, 2, 2, 2, 2, 2, 2, 2 ],
		"workers": [ 1, 1, 1, 1, 2, 2, 2, 2 | 1, 1, 1, 1, 1, 1, 1, 1, 1, 1, 1, 1 ],
		"cost": [ 135592.416494, 135591.827789, 79262.685340, 79263.115915, 20340.715815, 20340.715815, 217407.638761, 217407.638761 | 95264.256613, 111453.384155, 97329.171887, 97329.190231, 76956.025687, 76956.007322, 126507.421969, 126362.404198, 126362.391419, 52798.212364, 52798.141012, 116171.678836 ],
		"time": [ 52.292126, 32.671589, 32.081320, 32.320269, 36.631811, 36.681878, 36.061837, 36.075036 | 31.276291, 30.811963, 31.901833, 32.364721, 31.577034, 31.118044, 30.509133, 32.160800, 31.861392, 32.411374, 30.628238, 31.491546 ],
		"startTime": "2021-05-10 13:07:07.536784054 +0200 CEST m=+0.013817538",
		"EndTime": "2021-05-10 13:18:53.228568059 +0200 CEST m=+705.705601581",
		"totalTime":7.05691784043E+02
	}
]