[
	{
		"id": "7s0c5q5j0v",
		"nrOfEpochs": 40,
		"epochs": [ 2, 2, 2, 3, 4, 4, 5, 5 | 6, 7, 8, 9, 10, 11, 12, 13, 14, 15, 16, 17, 18, 19, 20, 21, 22, 23, 24, 25, 26, 27, 28, 29, 30, 31, 32, 33, 34, 35, 36, 37, 38, 39 ],
		"loss": [ 1.537602, 1.034783, 0.970241, 0.939617, 0.892831, 0.909726, 0.871269, 0.893708 | 0.886224, 0.880553, 0.875031, 0.869592, 0.864603, 0.860640, 0.857670, 0.855360, 0.853501, 0.851967, 0.850655, 0.849522, 0.848506, 0.847587, 0.846727, 0.845904, 0.845105, 0.844324, 0.843554, 0.842810, 0.842064, 0.841264, 0.840435, 0.839555, 0.838633, 0.837611, 0.836491, 0.835229, 0.833847, 0.832357, 0.830839, 0.829428, 0.828194, 0.827167 ],
		"servers": [ 1, 1, 1, 2, 1, 1, 2, 2 | 1, 1, 1, 1, 1, 1, 1, 1, 1, 1, 1, 1, 1, 1, 1, 1, 1, 1, 2, 1, 1, 1, 1, 1, 1, 1, 1, 1, 1, 1, 1, 1, 1, 1 ],
		"workers": [ 1, 1, 1, 1, 2, 2, 2, 2 | 1, 1, 1, 1, 1, 1, 1, 1, 1, 1, 1, 1, 1, 1, 1, 1, 1, 1, 1, 1, 1, 1, 1, 1, 1, 1, 1, 1, 1, 1, 1, 1, 1, 1 ],
		"cost": [ 4837.002346, 4837.693484, 131007.122536, 131007.416518, 52606.487168, 52606.487168, 164388.481072, 164388.481072 | 16643.175332, 16643.167761, 121299.498898, 121299.614155, 142925.104616, 52328.760648, 52328.736017, 140609.779715, 135690.209150, 135690.268155, 108108.288943, 121630.680498, 121630.631358, 26438.873264, 26439.001407, 138260.879270, 50457.582138, 50457.512344, 126109.070424, 32767.881686, 32767.743595, 142406.764961, 39756.394346, 39756.370814, 113257.143021, 113257.275747, 131870.514133, 69339.775560, 69339.676639, 106675.465211, 106675.626406, 116891.904631, 41348.346771, 41348.187763 ],
		"time": [ 10.381126, 33.420156, 31.646727, 28.560975, 38.529025, 38.600132, 38.465802, 38.475390 | 30.857773, 30.601908, 26.985478, 30.820851, 32.832066, 33.100150, 32.280246, 27.665785, 30.354170, 32.319285, 33.100718, 31.164649, 29.513212, 28.284212, 32.554013, 34.485060, 34.682037, 32.357102, 38.198780, 31.396361, 26.811618, 31.209115, 31.645310, 30.856825, 26.417449, 30.839349, 32.183355, 33.446960, 30.147665, 27.318263, 32.684837, 32.405692, 33.510805, 28.211561 ],
		"startTime": "2021-04-29 10:33:52.673089067 +0200 CEST m=+0.013305005",
		"EndTime": "2021-04-29 10:59:10.156894875 +0200 CEST m=+1517.497110853",
		"totalTime":1.517483805848E+03
	},
	{
		"id": "z3xquxhu3l",
		"nrOfEpochs": 40,
		"epochs": [ 2, 2, 2, 3, 4, 4, 5, 5 | 6, 7, 8, 9, 10, 11, 12, 13, 14, 15, 16, 17, 18, 19, 20, 21, 22, 23, 24, 25, 26, 27, 28, 29, 30, 31, 32, 33, 34, 35, 36, 37, 38, 39 ],
		"loss": [ 1.537602, 1.034783, 0.970241, 0.939617, 0.909726, 0.892831, 0.893708, 0.871269 | 0.886224, 0.880553, 0.875031, 0.869592, 0.864603, 0.860640, 0.857670, 0.855360, 0.853501, 0.851967, 0.850655, 0.849522, 0.848506, 0.847587, 0.846727, 0.845904, 0.845105, 0.844324, 0.843554, 0.842810, 0.842064, 0.841264, 0.840435, 0.839555, 0.838633, 0.837611, 0.836491, 0.835229, 0.833847, 0.832357, 0.830839, 0.829428, 0.828194, 0.827167 ],
		"servers": [ 1, 1, 1, 2, 1, 1, 2, 2 | 1, 1, 1, 1, 1, 1, 1, 1, 1, 1, 1, 1, 2, 1, 1, 1, 1, 1, 1, 1, 1, 1, 1, 1, 1, 1, 1, 2, 2, 2, 2, 2, 2, 2 ],
		"workers": [ 1, 1, 1, 1, 2, 2, 2, 2 | 1, 1, 1, 1, 1, 1, 1, 1, 1, 1, 1, 1, 1, 1, 1, 1, 1, 1, 1, 1, 1, 1, 1, 1, 1, 1, 1, 1, 1, 1, 1, 1, 1, 1 ],
		"cost": [ 0.650139, 58064.935331, 83594.282169, 83594.574152, 102314.949107, 102314.949107, 166660.891617, 166660.891617 | 45451.302049, 60576.916891, 60576.917064, 103741.743391, 76088.074897, 69222.705015, 69222.716588, 108378.968105, 74975.303097, 51299.483184, 51299.525107, 106470.463049, 79916.629544, 30422.997252, 102265.907519, 102265.927473, 52331.650247, 52339.775588, 44569.041894, 107301.435779, 107301.488402, 99107.285534, 56967.137912, 95430.220644, 95430.325944, 103820.036450, 19597.513865, 88606.129868, 88606.062930, 36244.812793, 50282.825351, 50282.841555, 26113.409163, 26113.423419 ],
		"time": [ 11.652757, 39.682052, 39.138334, 34.145109, 41.066188, 41.067162, 41.292646, 41.299126 | 40.258605, 40.763031, 40.768110, 42.852140, 36.949873, 39.427625, 39.809498, 42.242795, 41.076554, 37.482069, 38.876493, 41.925993, 40.251363, 40.460435, 37.887300, 38.551851, 39.955603, 41.615371, 42.873541, 38.812159, 40.566072, 43.349925, 37.565661, 38.683282, 42.191981, 42.286623, 42.109786, 32.689415, 31.018865, 30.916857, 30.736135, 31.137205, 31.450997, 31.807769 ],
		"startTime": "2021-04-29 10:33:52.673089067 +0200 CEST m=+0.013305005",
		"EndTime": "2021-04-29 11:03:17.134455422 +0200 CEST m=+1764.474671409",
		"totalTime":1.764461366404E+03
	}
]