[
	{
		"id": "7dv9g1305y",
		"nrOfEpochs": 40,
		"epochs": [ 2, 2, 2, 3, 4, 4, 5, 5 | 6, 7, 8, 9, 10, 11, 12, 13, 14, 15, 16, 17, 18, 19, 20, 21, 22, 23, 24, 25, 26, 27, 28, 29, 30, 31, 32, 33, 34, 35, 36, 37, 38, 39 ],
		"loss": [ 1.537602, 1.034783, 0.970241, 0.939617, 0.892831, 0.909726, 0.893708, 0.871269 | 0.886224, 0.880553, 0.875031, 0.869592, 0.864603, 0.860640, 0.857670, 0.855360, 0.853501, 0.851967, 0.850655, 0.849522, 0.848506, 0.847587, 0.846727, 0.845904, 0.845105, 0.844324, 0.843554, 0.842810, 0.842064, 0.841264, 0.840435, 0.839555, 0.838633, 0.837611, 0.836491, 0.835229, 0.833847, 0.832357, 0.830839, 0.829428, 0.828194, 0.827167 ],
		"servers": [ 1, 1, 1, 2, 1, 1, 2, 2 | 1, 1, 1, 1, 1, 1, 1, 1, 1, 1, 1, 1, 1, 1, 1, 1, 1, 1, 1, 1, 1, 1, 2, 1, 1, 1, 1, 1, 1, 1, 1, 1, 1, 1 ],
		"workers": [ 1, 1, 1, 1, 2, 2, 2, 2 | 1, 1, 1, 1, 1, 1, 1, 1, 1, 1, 1, 1, 1, 1, 1, 1, 1, 1, 1, 1, 1, 1, 1, 1, 1, 1, 1, 1, 1, 1, 1, 1, 1, 1 ],
		"cost": [ 0.633090, 43450.142041, 100833.160501, 100833.555065, 34086.384174, 34086.384174, 213810.322082, 213810.322082 | 106943.044088, 81571.754667, 81571.726682, 106122.623645, 88617.214668, 88617.195142, 49290.931064, 29252.528901, 29252.517679, 59255.327851, 87959.756145, 87959.778006, 46547.189445, 46547.181633, 107900.488537, 45477.257353, 45477.292949, 22324.578012, 57250.422472, 57250.411382, 48595.123119, 48595.124061, 94478.361777, 54395.990575, 54396.010105, 103461.662141, 62780.039369, 62780.053686, 77015.167424, 77015.173652, 82909.733924, 91725.682300, 91725.688251, 99736.952231 ],
		"time": [ 11.089526, 32.598291, 32.401693, 31.658308, 33.466166, 33.482226, 31.772693, 31.785620 | 32.668366, 33.096394, 32.165100, 32.629861, 32.780702, 32.132522, 32.883300, 32.232923, 31.685764, 32.583722, 31.918872, 32.648972, 32.646902, 32.387416, 32.531961, 32.132477, 33.320410, 32.421893, 32.402343, 32.033509, 32.691019, 32.723534, 36.316579, 31.768350, 32.418066, 32.448772, 32.074444, 32.542911, 32.508155, 32.737414, 32.760187, 32.348465, 32.548100, 31.791873 ],
		"startTime": "2021-04-28 14:53:42.642773756 +0200 CEST m=+0.013259897",
		"EndTime": "2021-04-28 15:18:47.634531127 +0200 CEST m=+1505.005017304",
		"totalTime":1.504991757407E+03
	},
	{
		"id": "pgiom6f892",
		"nrOfEpochs": 40,
		"epochs": [ 2, 2, 2, 3, 4, 4, 5, 5 | 6, 7, 8, 9, 10, 11, 12, 13, 14, 15, 16, 17, 18, 19, 20, 21, 22, 23, 24, 25, 26, 27, 28, 29, 30, 31, 32, 33, 34, 35, 36, 37, 38, 39 ],
		"loss": [ 1.537602, 1.034783, 0.970241, 0.939617, 0.909726, 0.892831, 0.871269, 0.893708 | 0.886224, 0.880553, 0.875031, 0.869592, 0.864603, 0.860640, 0.857670, 0.855360, 0.853501, 0.851967, 0.850655, 0.849522, 0.848506, 0.847587, 0.846727, 0.845904, 0.845105, 0.844324, 0.843554, 0.842810, 0.842064, 0.841264, 0.840435, 0.839555, 0.838633, 0.837611, 0.836491, 0.835229, 0.833847, 0.832357, 0.830839, 0.829428, 0.828194, 0.827167 ],
		"servers": [ 1, 1, 1, 2, 1, 1, 2, 2 | 1, 1, 1, 1, 1, 1, 1, 1, 1, 1, 1, 1, 1, 1, 1, 1, 1, 1, 1, 1, 1, 1, 1, 1, 1, 1, 1, 1, 1, 1, 1, 1, 1, 1 ],
		"workers": [ 1, 1, 1, 1, 2, 2, 2, 2 | 1, 1, 1, 1, 1, 1, 1, 1, 1, 1, 1, 1, 1, 1, 1, 1, 1, 1, 1, 1, 1, 1, 1, 1, 1, 1, 1, 1, 1, 1, 1, 1, 1, 1 ],
		"cost": [ 0.598236, 43288.785268, 43288.775560, 34570.646151, 34571.097885, 34571.097885, 239067.415380, 239067.415380 | 15623.828386, 70483.476785, 70483.476879, 68505.658420, 68505.643471, 32164.712903, 32164.661297, 129765.648845, 129765.624754, 53844.538818, 53844.521147, 91706.795657, 91706.796059, 159527.216205, 159527.207428, 165554.557854, 165554.541489, 102961.701241, 102961.739034, 105335.995748, 105335.975745, 51800.214936, 72112.393439, 72112.378070, 34095.726460, 34095.723515, 142660.109226, 142660.133980, 99604.330066, 99604.332843, 39162.712884, 12155.941076, 12155.941849, 105525.372132 ],
		"time": [ 9.924514, 25.178219, 24.851018, 25.097267, 36.342585, 36.392545, 38.585274, 38.604273 | 25.513434, 25.955587, 25.954161, 25.820148, 25.328694, 26.402446, 24.765006, 25.747158, 24.943069, 25.414694, 24.825737, 25.408645, 25.414444, 25.313762, 25.020390, 25.578185, 25.048943, 24.675101, 25.834453, 25.565343, 24.898918, 25.161987, 25.712556, 25.206530, 25.312261, 25.210298, 24.961054, 25.787212, 25.047917, 25.138423, 25.103866, 25.345355, 25.363589, 25.402820 ],
		"startTime": "2021-04-28 14:53:42.642773756 +0200 CEST m=+0.013259897",
		"EndTime": "2021-04-28 15:15:40.908792292 +0200 CEST m=+1318.279278467",
		"totalTime":1.31826601857E+03
	}
]