[
	{
		"id": "859yks04iw",
		"nrOfEpochs": 40,
		"epochs": [ 2, 2, 2, 3, 4, 4, 5, 5 | 6, 7, 8, 9, 10, 11, 12, 13, 14, 15, 16, 17, 18, 19, 20, 21, 22, 23, 24, 25, 26, 27, 28, 29, 30, 31, 32, 33, 34, 35, 36, 37, 38, 39 ],
		"loss": [ 1.537602, 1.034783, 0.970241, 0.939617, 0.892831, 0.909726, 0.893708, 0.871269 | 0.886224, 0.880553, 0.875031, 0.869592, 0.864603, 0.860640, 0.857670, 0.855360, 0.853501, 0.851967, 0.850655, 0.849522, 0.848506, 0.847587, 0.846727, 0.845904, 0.845105, 0.844324, 0.843554, 0.842810, 0.842064, 0.841264, 0.840435, 0.839555, 0.838633, 0.837611, 0.836491, 0.835229, 0.833847, 0.832357, 0.830839, 0.829428, 0.828194, 0.827167 ],
		"servers": [ 1, 1, 1, 2, 1, 1, 2, 2 | 1, 1, 1, 1, 1, 1, 1, 1, 1, 1, 1, 1, 1, 1, 1, 1, 1, 1, 1, 1, 1, 1, 1, 1, 1, 1, 1, 1, 1, 1, 2, 1, 1, 1 ],
		"workers": [ 1, 1, 1, 1, 2, 2, 2, 2 | 1, 1, 1, 1, 1, 1, 1, 1, 1, 1, 1, 1, 1, 1, 1, 1, 1, 1, 1, 1, 1, 1, 1, 1, 1, 1, 1, 1, 1, 1, 1, 1, 1, 1 ],
		"cost": [ 0.611139, 44506.823086, 44506.815715, 67482.980452, 189809.661888, 189809.661888, 189809.955389, 189809.955389 | 89903.448924, 89903.442246, 79625.048761, 79625.041272, 93675.269421, 93675.264631, 153255.229380, 42296.344788, 42296.342784, 52611.209752, 52611.232277, 27262.743376, 27262.725404, 75572.565977, 75572.588401, 149047.499642, 149047.510248, 153406.229238, 134855.266821, 134855.289262, 92576.977123, 92576.947697, 49270.070097, 49270.085406, 115486.285398, 115486.305765, 133850.235008, 133850.252891, 136527.776383, 136527.774635, 144421.822150, 115186.274593, 115186.275618, 74191.586631 ],
		"time": [ 10.357273, 25.508973, 25.267270, 26.382378, 35.059379, 35.064850, 31.899555, 31.920099 | 25.751308, 25.527875, 25.865902, 25.616107, 25.684010, 25.522897, 25.734576, 25.971327, 25.901652, 25.007088, 25.754010, 25.950681, 25.350570, 25.043576, 25.790910, 25.590177, 25.945831, 25.395042, 26.134235, 26.879400, 26.308533, 25.328436, 25.372349, 25.885178, 24.989525, 25.670925, 24.971389, 25.566004, 25.138472, 25.078292, 25.448112, 24.994933, 25.028946, 24.912430 ],
		"startTime": "2021-04-28 22:44:53.297994866 +0200 CEST m=+0.013789744",
		"EndTime": "2021-04-28 23:06:28.418778117 +0200 CEST m=+1295.134573017",
		"totalTime":1.295120783273E+03
	}
]