[
	{
		"id": "oghdkudq2o",
		"epochs":16,
		"loss":[ 1.537602, 0.871781, 0.886526, 0.858079, 0.855392, 0.848634, 0.843016, 0.838603, 0.835364, 0.832919, 0.831027, 0.829479, 0.828171, 0.827030 ],
		"servers":[ 1, 1, 1, 2, 2, 1, 1, 1, 1, 1, 1, 1, 1, 1 ],
		"workers":[ 1, 2, 1, 2, 1, 1, 1, 1, 1, 1, 1, 1, 1, 1 ],
		"cost":[ 0.599305, 152154.269802, 115177.623040, 135221.095264, 88222.850474, 106897.195979, 28825.745524, 94396.725531, 158858.869795, 158858.881342, 111539.033639, 64543.374534, 148251.643302, 161583.509484 ],
		"time":[ 9.961702, 33.036417, 24.941540, 32.715529, 43.258825, 44.845504, 44.894051, 44.759905, 44.415246, 44.802701, 44.712770, 44.722908, 43.913413, 43.766848 ]
	}
]