[
	{
		"id": "pxu1igfzwn",
		"nrOfEpochs": 40,
		"epochs": [ 2, 2, 2, 3, 4, 4, 5, 5 | 6, 7, 8, 9, 10, 11, 12, 13, 14, 15, 16, 17, 18, 19, 20, 21, 22, 23, 24, 25, 26, 27, 28, 29, 30, 31, 32, 33, 34, 35, 36, 37, 38, 39 ],
		"loss": [ 1.537602, 1.034783, 0.970241, 0.939617, 0.892831, 0.909726, 0.871269, 0.893708 | 0.886224, 0.880553, 0.875031, 0.869592, 0.864603, 0.860640, 0.857670, 0.855360, 0.853501, 0.851967, 0.850655, 0.849522, 0.848506, 0.847587, 0.846727, 0.845904, 0.845105, 0.844324, 0.843554, 0.842810, 0.842064, 0.841264, 0.840435, 0.839555, 0.838633, 0.837611, 0.836491, 0.835229, 0.833847, 0.832357, 0.830839, 0.829428, 0.828194, 0.827167 ],
		"servers": [ 1, 1, 1, 2, 1, 1, 2, 2 | 1, 1, 1, 1, 1, 1, 1, 1, 1, 1, 1, 1, 1, 1, 1, 2, 1, 1, 1, 1, 1, 1, 1, 1, 1, 1, 1, 1, 1, 1, 1, 1, 1, 1 ],
		"workers": [ 1, 1, 1, 1, 2, 2, 2, 2 | 1, 1, 1, 1, 1, 1, 1, 1, 1, 1, 1, 1, 1, 1, 1, 1, 1, 1, 1, 1, 1, 1, 1, 1, 1, 1, 1, 1, 1, 1, 1, 1, 1, 1 ],
		"cost": [ 0.589857, 1.030523, 1.046411, 118084.057502, 92726.389089, 92726.389089, 92726.667858, 92726.667858 | 84026.780845, 84026.782786, 32521.472457, 32521.464121, 123829.945231, 123829.959356, 115773.254997, 115773.236391, 81212.398265, 81212.396639, 95326.530282, 47029.116160, 47029.116439, 40374.629028, 40374.630902, 43951.596712, 33419.281681, 108734.141046, 108734.141503, 142107.626744, 142107.620265, 74964.047983, 74964.022108, 142321.026834, 142321.021243, 115955.708041, 115955.728635, 94697.875827, 94697.868960, 73841.436666, 73841.426655, 22347.685802, 22347.677380, 73779.459747 ],
		"time": [ 9.648345, 24.337233, 24.867555, 24.838731, 34.949713, 34.954924, 31.512200, 31.536737 | 25.360970, 25.425234, 25.245637, 24.963223, 24.776569, 25.246240, 25.317089, 24.698190, 25.295307, 25.259643, 25.337935, 25.216499, 25.226081, 24.797003, 24.859477, 25.164745, 27.805223, 24.524452, 24.520380, 24.841672, 24.624136, 25.036757, 24.171850, 24.952733, 24.765069, 24.846452, 25.531454, 25.173092, 24.989324, 25.421127, 25.087389, 25.348770, 25.070565, 24.749050 ],
		"startTime": "2021-04-29 10:13:02.564419807 +0200 CEST m=+0.013442548",
		"EndTime": "2021-04-29 10:33:35.448055398 +0200 CEST m=+1232.897078164",
		"totalTime":1.232883635616E+03
	}
]