[
	{
		"id": "cro0tw0e40",
		"nrOfEpochs": 17,
		"epochs": [ 2, 2, 2, 2, 3, 4, 4, 5, 5 | 6, 6, 7, 7, 8, 8, 9, 9, 10, 10, 11, 11, 12, 12, 13, 13, 14, 14, 15, 15, 16, 16 ],
		"loss": [ 1.568023, 1.568023, 1.568023, 1.489130, 1.548300, 1.548300, 1.231412, 1.224974, 1.244062 | 1.122205, 1.274191, 0.910595, 1.155205, 1.081460, 0.549275, 0.994145, 0.938136, 0.742974, 0.861198, 0.812367, 0.693013, 0.698057, 0.610245, 0.376372, 0.638011, 0.410491, 0.407424, 0.360364, 0.238658, 0.410990, 0.365586 ],
		"servers": [ 1, 1, 1, 1, 2, 1, 1, 2, 2 | 1, 1, 1, 1, 1, 1, 1, 1, 1, 1, 1, 1, 1, 1, 1, 1, 1, 1, 1, 1, 1, 1 ],
		"workers": [ 1, 1, 1, 1, 1, 2, 2, 2, 2 | 2, 2, 2, 2, 2, 2, 2, 2, 2, 2, 2, 2, 2, 2, 2, 2, 2, 2, 2, 2, 2, 2 ],
		"cost": [ 73805.625115, 135887.775472, 99580.176843, 99580.133159, 99580.397962, 126588.991273, 126588.991273, 145413.620168, 145413.620168 | 1013.601713, 1013.601713, 34991.625442, 34991.625442, 73040.143502, 73040.143502, 69726.115763, 69726.115763, 103070.810186, 103070.810186, 130448.862749, 130448.862749, 182625.660882, 182625.660882, 182625.558352, 182625.558352, 189093.950833, 189093.950833, 24570.328840, 24570.328840, 24570.179786, 24570.179786 ],
		"time": [ 77.656815, 45.034862, 24.898916, 23.441681, 21.690233, 41.954770, 41.965329, 39.516872, 39.559760 | 45.143905, 45.158285, 43.950971, 43.990226, 46.249221, 46.267354, 47.565117, 47.606991, 43.044524, 43.114107, 44.585111, 44.595711, 41.282096, 41.311737, 38.736199, 38.749899, 39.441768, 39.454275, 35.773766, 35.905977, 32.156054, 32.186626 ],
		"startTime": "2021-05-21 10:50:36.954237651 +0200 CEST m=+0.013666007",
		"EndTime": "2021-05-21 11:05:15.966551123 +0200 CEST m=+879.025979593",
		"totalTime":8.79012313586E+02
	},
	{
		"id": "6dlib4sj6w",
		"nrOfEpochs": 14,
		"epochs": [ 2, 2, 2, 2, 3, 4, 4, 5, 5 | 6, 6, 7, 7, 8, 8, 9, 9, 10, 10, 11, 11, 12, 12, 13, 13 ],
		"loss": [ 2.651634, 1.857270, 1.674535, 1.767810, 1.545103, 1.600697, 1.162158, 1.051806, 1.425515 | 0.802527, 1.045819, 1.077035, 0.870972, 1.044374, 0.686694, 0.685175, 0.872850, 0.601838, 0.778186, 0.431970, 0.447085, 0.453712, 0.317590, 0.413647, 0.407770 ],
		"servers": [ 1, 1, 1, 1, 2, 1, 1, 2, 2 | 1, 1, 1, 1, 1, 1, 1, 1, 1, 1, 1, 1, 1, 1, 1, 1 ],
		"workers": [ 1, 1, 1, 1, 1, 2, 2, 2, 2 | 2, 2, 2, 2, 2, 2, 2, 2, 2, 2, 2, 2, 2, 2, 2, 2 ],
		"cost": [ 74644.598523, 127849.780878, 127849.151139, 106771.570983, 106771.825036, 81659.053245, 81659.053245, 54400.302084, 54400.302084 | 10342.134943, 10342.134943, 179667.220245, 179667.220245, 179667.137197, 179667.137197, 166202.734936, 166202.734936, 52114.160937, 52114.160937, 72325.184177, 72325.184177, 72325.140692, 72325.140692, 158423.092891, 158423.092891 ],
		"time": [ 75.962346, 44.332209, 23.325126, 23.012677, 21.073844, 39.814822, 39.889928, 35.740445, 35.764150 | 42.202512, 42.237528, 34.562067, 34.568618, 32.533843, 32.538203, 35.574720, 35.574882, 41.340173, 41.379084, 37.349497, 37.352395, 35.961601, 36.021098, 32.153308, 32.186300 ],
		"startTime": "2021-05-21 10:50:36.954237651 +0200 CEST m=+0.013666007",
		"EndTime": "2021-05-21 11:01:54.567054293 +0200 CEST m=+677.626483224",
		"totalTime":6.77612817217E+02
	},
	{
		"id": "lasxsgyp0z",
		"nrOfEpochs": 18,
		"epochs": [ 2, 2, 2, 2, 3, 4, 4, 5, 5 | 6, 6, 7, 7, 8, 8, 9, 9, 10, 10, 11, 11, 12, 12, 13, 13, 14, 14, 15, 15, 16, 16, 17, 17 ],
		"loss": [ 1.914215, 1.914215, 1.832202, 1.553619, 1.647428, 1.198740, 1.611759, 1.190906, 1.440491 | 1.019246, 1.292228, 1.310926, 1.117671, 0.852649, 1.044786, 0.971809, 0.794545, 0.818779, 0.896514, 0.690962, 0.578039, 0.607719, 0.482309, 0.532080, 0.578222, 0.536835, 0.433851, 0.399970, 0.496192, 0.489014, 0.440481, 0.376834, 0.186749 ],
		"servers": [ 1, 1, 1, 1, 2, 1, 1, 2, 2 | 1, 1, 1, 1, 1, 1, 1, 1, 1, 1, 1, 1, 1, 1, 1, 1, 1, 1, 1, 1, 1, 1, 1, 1 ],
		"workers": [ 1, 1, 1, 1, 1, 2, 2, 2, 2 | 2, 2, 2, 2, 2, 2, 2, 2, 2, 2, 2, 2, 2, 2, 2, 2, 2, 2, 2, 2, 2, 2, 2, 2 ],
		"cost": [ 132026.181847, 40470.091969, 40469.548013, 77309.247445, 77309.539806, 91949.887559, 91949.887559, 29383.855378, 29383.855378 | 24810.476347, 24810.476347, 48973.256541, 48973.256541, 81811.812790, 81811.812790, 136904.450323, 136904.450323, 136903.786912, 136903.786912, 192626.242121, 192626.242121, 101834.806186, 101834.806186, 146884.075604, 146884.075604, 146883.911539, 146883.911539, 57046.627736, 57046.627736, 57046.424551, 57046.424551, 174605.962041, 174605.962041 ],
		"time": [ 74.936936, 40.735025, 22.584683, 22.708024, 21.809602, 46.199870, 46.435034, 35.157076, 35.425852 | 43.240372, 43.402347, 43.237028, 43.278470, 44.793430, 44.802549, 46.643741, 46.685684, 29.360293, 30.015239, 28.898669, 28.905104, 39.180270, 39.228172, 38.003071, 38.079092, 33.256472, 33.970625, 33.685739, 34.132145, 28.531849, 29.040558, 27.895780, 28.624999 ],
		"startTime": "2021-05-21 10:50:36.954237651 +0200 CEST m=+0.013666007",
		"EndTime": "2021-05-21 11:04:55.029523781 +0200 CEST m=+858.088952890",
		"totalTime":8.58075286883E+02
	}
]