[
	{
		"id": "s14nhqrt1s",
		"nrOfEpochs": 19,
		"epochs": [ 2, 2, 2, 3, 4, 4, 5, 5 | 6, 7, 8, 9, 10, 11, 12, 13, 14, 15, 16, 17, 18 ],
		"loss": [ 2.208917, 1.723221, 1.640788, 1.807908, 1.845208, 1.710759, 1.419274, 1.185997 | 1.593829, 1.459163, 1.083438, 0.658666, 0.754657, 0.992659, 0.485588, 0.652471, 0.342395, 0.631154, 0.269880, 0.357805, 0.280662 ],
		"servers": [ 1, 1, 1, 2, 1, 1, 2, 2 | 1, 1, 1, 1, 1, 1, 1, 1, 1, 1, 1, 1, 1 ],
		"workers": [ 1, 1, 1, 1, 2, 2, 2, 2 | 1, 1, 1, 1, 1, 1, 1, 1, 1, 1, 1, 1, 1 ],
		"cost": [ 110261.718979, 79226.494560, 79226.460195, 118217.889766, 26611.630923, 26611.630923, 180484.093063, 180484.093063 | 87600.670868, 133572.481112, 60160.739749, 60160.685162, 141391.450497, 89285.380780, 63192.991442, 63192.941030, 95607.996386, 58034.124483, 58034.146853, 103777.077749, 136811.795632 ],
		"time": [ 62.853847, 36.994186, 35.836909, 35.529167, 63.143842, 63.152630, 52.324074, 52.327256 | 35.933286, 33.711608, 36.111654, 34.223452, 35.411802, 34.063585, 35.929864, 34.247902, 32.792665, 32.438197, 33.190423, 32.582880, 32.261305 ],
		"startTime": "2021-05-21 10:19:34.636264361 +0200 CEST m=+0.013483320",
		"EndTime": "2021-05-21 10:34:27.063661687 +0200 CEST m=+892.440880699",
		"totalTime":8.92427397379E+02
	},
	{
		"id": "udzyygyrza",
		"nrOfEpochs": 18,
		"epochs": [ 2, 2, 2, 2, 3, 4, 4, 5, 5 | 6, 7, 8, 9, 10, 11, 12, 13, 14, 15, 16, 17 ],
		"loss": [ 1.935466, 1.935466, 1.784451, 1.532391, 1.311014, 1.529831, 1.530965, 0.981160, 1.320552 | 1.125683, 1.137622, 0.650200, 1.043043, 0.448350, 0.671207, 0.296301, 0.447162, 0.581213, 0.458595, 0.390864, 0.302503 ],
		"servers": [ 1, 1, 1, 1, 2, 1, 1, 2, 2 | 1, 1, 1, 1, 1, 1, 1, 1, 1, 1, 1, 1 ],
		"workers": [ 1, 1, 1, 1, 1, 2, 2, 2, 2 | 1, 1, 1, 1, 1, 1, 1, 1, 1, 1, 1, 1 ],
		"cost": [ 48979.042595, 99598.890450, 99598.387704, 99908.836121, 99909.068706, 15399.973891, 15399.973891, 88814.237361, 88814.237361 | 71.039702, 89493.430701, 89493.467581, 46346.024580, 46345.971075, 72114.213741, 72114.237647, 21686.967353, 21686.975560, 70260.518476, 70260.479117, 89987.528587 ],
		"time": [ 72.954971, 41.311480, 24.527108, 22.511801, 20.183796, 38.256648, 38.297806, 31.196400, 31.232031 | 24.679855, 21.793396, 23.018585, 24.287782, 22.504054, 22.813631, 23.622740, 22.814797, 23.045963, 23.704836, 22.399013, 23.502057 ],
		"startTime": "2021-05-21 10:19:34.636264361 +0200 CEST m=+0.013483320",
		"EndTime": "2021-05-21 10:31:21.897419677 +0200 CEST m=+707.274638655",
		"totalTime":7.07261155335E+02
	},
	{
		"id": "n7pg30wnww",
		"nrOfEpochs": 16,
		"epochs": [ 2, 2, 2, 3, 4, 4, 5, 5 | 6, 7, 8, 9, 10, 11, 12, 13, 14, 15 ],
		"loss": [ 2.064868, 1.676764, 1.467309, 1.414588, 1.318153, 1.588336, 1.377797, 1.433237 | 1.426422, 1.242174, 1.076341, 1.117207, 0.638974, 1.016347, 0.761849, 0.451802, 0.401804, 0.048844 ],
		"servers": [ 1, 1, 1, 2, 1, 1, 2, 2 | 1, 1, 1, 1, 1, 1, 1, 1, 1, 1 ],
		"workers": [ 1, 1, 1, 1, 2, 2, 2, 2 | 1, 1, 1, 1, 1, 1, 1, 1, 1, 1 ],
		"cost": [ 145130.263477, 79425.799999, 79425.803997, 152812.300151, 242406.376640, 242406.376640, 255407.112169, 255407.112169 | 129533.172953, 154579.303645, 27729.222649, 141998.817478, 141998.844558, 151574.916710, 48042.926638, 136215.099493, 136215.044588, 62351.720605 ],
		"time": [ 66.574513, 38.914611, 39.059065, 38.875900, 65.690369, 65.725053, 58.078840, 58.089299 | 38.496146, 39.349713, 38.287440, 38.244186, 39.144415, 38.465803, 38.151289, 38.133733, 36.324265, 35.566378 ],
		"startTime": "2021-05-21 10:19:34.636264361 +0200 CEST m=+0.013483320",
		"EndTime": "2021-05-21 10:32:47.610280869 +0200 CEST m=+792.987499869",
		"totalTime":7.92974016549E+02
	}
]