[
	{
		"id": "6at9h5lqei",
		"nrOfEpochs": 15,
		"epochs": [ 2, 2, 2, 2, 2, 3, 4, 4, 5, 5 | 6, 6, 7, 7, 8, 8, 9, 9, 10, 10, 11, 11, 12, 12, 13, 13, 14, 14 ],
		"loss": [ 1.703968, 1.703968, 1.703968, 1.703968, 1.703968, 1.338996, 1.301935, 1.550567, 0.977163, 1.355204 | 1.036560, 1.156749, 0.956469, 0.676222, 0.568484, 0.657696, 0.672873, 0.685834, 0.543717, 0.370477, 0.586119, 0.385210, 0.314170, 0.439939, 0.359789, 0.311754, 0.362172, 0.357565 ],
		"servers": [ 1, 1, 1, 1, 1, 2, 1, 1, 2, 2 | 2, 2, 2, 2, 2, 2, 2, 2, 2, 2, 2, 2, 2, 2, 2, 2, 2, 2 ],
		"workers": [ 1, 1, 1, 1, 1, 1, 2, 2, 2, 2 | 2, 2, 2, 2, 2, 2, 2, 2, 2, 2, 2, 2, 2, 2, 2, 2, 2, 2 ],
		"cost": [ 82605.656113, 101850.908867, 77655.287556, 10849.906167, 92.129019, 109.482262, 25076.061265, 25076.061265, 91506.712003, 91506.712003 | 140.000773, 140.000773, 166.721279, 166.721279, 700.138254, 700.138254, 54921.787263, 54921.787263, 122653.932751, 122653.932751, 163.114261, 163.114261, 20033.662721, 20033.662721, 105075.877971, 105075.877971, 21272.738560, 21272.738560 ],
		"time": [ 123.788828, 63.103479, 61.999226, 58.337598, 56.043242, 55.092106, 68.603485, 68.649255, 71.223969, 71.242193 | 118.566320, 118.571478, 63.598672, 63.673213, 66.586741, 66.609632, 66.448647, 66.472052, 69.461918, 69.512649, 66.124837, 66.143451, 68.101958, 68.135702, 69.834687, 69.873434, 67.516379, 67.525792 ],
		"startTime": "2021-05-03 14:39:05.36681419 +0200 CEST m=+0.013408528",
		"EndTime": "2021-05-03 15:02:17.805298284 +0200 CEST m=+1392.451892679",
		"totalTime":1.392438484151E+03
	},
	{
		"id": "bs32zpru6s",
		"nrOfEpochs": 17,
		"epochs": [ 2, 2, 2, 2, 2, 3, 4, 4, 5, 5 | 6, 6, 7, 7, 8, 8, 9, 9, 10, 10, 11, 11, 12, 12, 13, 13, 14, 14, 15, 15, 16, 16 ],
		"loss": [ 1.928196, 1.763991, 1.714979, 1.688184, 1.773838, 1.159656, 1.620130, 1.439831, 1.536328, 1.259451 | 1.297431, 1.056471, 1.057142, 0.681630, 1.026725, 1.023880, 0.921132, 0.715365, 0.682101, 0.713689, 0.557039, 0.649163, 0.507678, 0.463970, 0.578308, 0.267622, 0.347836, 0.409164, 0.413380, 0.403262, 0.270430, 0.155772 ],
		"servers": [ 1, 1, 1, 1, 1, 2, 1, 1, 2, 2 | 2, 2, 2, 2, 2, 2, 2, 2, 2, 2, 2, 2, 2, 2, 2, 2, 2, 2, 2, 2, 2, 2 ],
		"workers": [ 1, 1, 1, 1, 1, 1, 2, 2, 2, 2 | 2, 2, 2, 2, 2, 2, 2, 2, 2, 2, 2, 2, 2, 2, 2, 2, 2, 2, 2, 2, 2, 2 ],
		"cost": [ 127188.619627, 45837.965077, 5262.453583, 108.270447, 80.366066, 155.152430, 101175.021416, 101175.021416, 18756.440600, 18756.440600 | 191.487597, 191.487597, 57867.488301, 57867.488301, 138624.438805, 138624.438805, 14964.733460, 14964.733460, 157.873037, 157.873037, 5285.404173, 5285.404173, 54869.052955, 54869.052955, 72218.232114, 72218.232114, 11165.997376, 11165.997376, 170.738985, 170.738985, 7765.347413, 7765.347413 ],
		"time": [ 156.075516, 99.186956, 60.979066, 58.367224, 54.005659, 59.578057, 67.301097, 67.403543, 52.339874, 52.375456 | 78.671126, 78.715618, 65.287046, 65.340591, 65.842638, 65.892443, 63.335599, 63.395258, 64.967957, 65.031181, 66.450738, 66.500543, 69.236008, 69.411608, 67.955659, 68.020067, 65.763058, 65.763617, 67.037565, 67.082375, 60.839774, 60.914080 ],
		"startTime": "2021-05-03 14:39:05.36681419 +0200 CEST m=+0.013408528",
		"EndTime": "2021-05-03 15:03:42.528503238 +0200 CEST m=+1477.175097624",
		"totalTime":1.477161689096E+03
	},
	{
		"id": "ysnk8zyapa",
		"nrOfEpochs": 17,
		"epochs": [ 2, 2, 2, 2, 2, 3, 4, 4, 5, 5 | 6, 6, 7, 7, 8, 8, 9, 9, 10, 10, 11, 11, 12, 12, 13, 13, 14, 14, 15, 15, 16, 16 ],
		"loss": [ 3.348254, 1.801855, 1.830298, 1.698999, 1.487270, 1.375930, 1.483470, 1.403457, 1.489825, 1.033773 | 1.044148, 0.837774, 1.161795, 0.805732, 0.683277, 0.906545, 0.879025, 0.600707, 0.665902, 0.516953, 0.476535, 0.371226, 0.526265, 0.511376, 0.414816, 0.460043, 0.307207, 0.443941, 0.110574, 0.212088, 0.306771, 0.187721 ],
		"servers": [ 1, 1, 1, 1, 1, 2, 1, 1, 2, 2 | 2, 2, 2, 2, 2, 2, 2, 2, 2, 2, 2, 2, 2, 2, 2, 2, 2, 2, 2, 2, 2, 2 ],
		"workers": [ 1, 1, 1, 1, 1, 1, 2, 2, 2, 2 | 2, 2, 2, 2, 2, 2, 2, 2, 2, 2, 2, 2, 2, 2, 2, 2, 2, 2, 2, 2, 2, 2 ],
		"cost": [ 83821.382763, 118.982113, 110.634149, 110.489280, 79.464966, 37735.428320, 74785.390307, 74785.390307, 154.075231, 154.075231 | 143.799801, 143.799801, 106948.397715, 106948.397715, 166.134437, 166.134437, 133.961384, 133.961384, 25717.893925, 25717.893925, 73760.062069, 73760.062069, 222.158746, 222.158746, 225.803937, 225.803937, 51366.754986, 51366.754986, 34716.074638, 34716.074638, 39312.584958, 39312.584958 ],
		"time": [ 150.946668, 89.930822, 57.862992, 53.033104, 47.105816, 45.438178, 62.065763, 62.070491, 66.126566, 66.147689 | 83.882535, 83.947031, 70.631338, 70.690280, 67.479894, 67.627555, 68.534565, 68.572834, 69.385546, 69.459643, 64.543086, 64.580507, 69.371995, 69.468966, 72.222929, 72.250319, 67.745148, 67.845426, 59.738967, 59.746348, 59.024403, 59.067448 ],
		"startTime": "2021-05-03 14:39:05.36681419 +0200 CEST m=+0.013408528",
		"EndTime": "2021-05-03 15:04:03.775231805 +0200 CEST m=+1498.421826264",
		"totalTime":1.498408417736E+03
	}
]