[
	{
		"id": "tm8daan7dn",
		"nrOfEpochs": 17,
		"epochs": [ 2, 2, 2, 2, 2, 3, 4, 4, 5, 5 | 6, 7, 8, 9, 10, 11, 12, 13, 14, 15, 16 ],
		"loss": [ 2.389809, 1.562017, 1.975913, 1.975913, 1.704440, 1.432903, 1.730237, 1.210682, 1.317991, 1.009858 | 0.938577, 0.859509, 0.620604, 0.417383, 0.769187, 0.696997, 0.672736, 0.360446, 0.245201, 0.222552, 0.439587 ],
		"servers": [ 1, 1, 1, 1, 1, 2, 1, 1, 2, 2 | 2, 2, 2, 2, 2, 2, 2, 2, 2, 2, 2 ],
		"workers": [ 1, 1, 1, 1, 1, 1, 2, 2, 2, 2 | 1, 1, 1, 1, 1, 1, 1, 1, 1, 1, 1 ],
		"cost": [ 76414.158387, 137233.566015, 79751.525786, 14825.243548, 91.848829, 92.379117, 122.594624, 122.594624, 7713.233327, 7713.233327 | 59399.657499, 48867.033029, 110.837001, 2429.941838, 114.817580, 114.836053, 364.483089, 6860.287672, 6860.750818, 6272.400494, 6272.386091 ],
		"time": [ 91.978904, 68.559577, 53.580621, 50.868940, 49.996875, 48.242234, 62.938909, 62.955205, 65.684543, 65.686031 | 51.860836, 49.330038, 49.352396, 48.883715, 45.821431, 46.291400, 45.892488, 16.232274, 27.806668, 27.431370, 27.068582 ],
		"startTime": "2021-05-01 19:36:54.579509407 +0200 CEST m=+0.013330670",
		"EndTime": "2021-05-01 19:54:14.708846479 +0200 CEST m=+1040.142667781",
		"totalTime":1.040129337111E+03
	},
	{
		"id": "clzc71b1aq",
		"nrOfEpochs": 17,
		"epochs": [ 2, 2, 2, 2, 2, 3, 4, 4, 5, 5 | 6, 7, 8, 9, 10, 11, 12, 13, 14, 15, 16 ],
		"loss": [ 1.667647, 1.532333, 1.599990, 1.599990, 1.528881, 1.557031, 1.505480, 1.548100, 1.366093, 0.859631 | 1.139679, 1.066554, 0.768594, 0.945395, 0.562062, 0.798717, 0.598207, 0.453134, 0.422632, 0.362258, 0.370434 ],
		"servers": [ 1, 1, 1, 1, 1, 2, 1, 1, 2, 2 | 2, 2, 2, 2, 2, 2, 2, 2, 2, 2, 2 ],
		"workers": [ 1, 1, 1, 1, 1, 1, 2, 2, 2, 2 | 1, 1, 1, 1, 1, 1, 1, 1, 1, 1, 1 ],
		"cost": [ 93652.732925, 154412.272718, 101864.238314, 50795.725443, 93.820194, 164.833441, 112.317733, 112.317733, 55580.782572, 55580.782572 | 59729.849135, 22408.995514, 9025.719564, 9025.608656, 719.110647, 10603.327601, 24980.765967, 59529.541148, 59529.352111, 13367.962349, 13367.944995 ],
		"time": [ 92.769989, 70.010062, 55.119865, 49.748452, 48.423495, 49.032525, 65.062221, 65.156373, 62.292767, 62.307775 | 48.063293, 48.064861, 47.237726, 44.473806, 44.911737, 44.284080, 42.727487, 32.589891, 27.865740, 27.145071, 26.712899 ],
		"startTime": "2021-05-01 19:36:54.579509407 +0200 CEST m=+0.013330670",
		"EndTime": "2021-05-01 19:54:14.708909255 +0200 CEST m=+1040.142730513",
		"totalTime":1.040129399843E+03
	}
]