[
	{
		"id": "1whw6aoyfa",
		"nrOfEpochs": 18,
		"epochs": [ 2, 2, 2, 2, 2, 3, 4, 4, 5, 5 | 6, 7, 8, 9, 10, 11, 12, 13, 14, 15, 16, 17 ],
		"loss": [ 2.560069, 1.821838, 1.418873, 1.676743, 1.532412, 1.603878, 1.115167, 1.469415, 1.479523, 0.791350 | 1.034602, 0.802564, 0.924155, 0.733309, 0.594593, 0.683752, 0.550037, 0.597885, 0.266736, 0.189713, 0.354585, 0.391791 ],
		"servers": [ 1, 1, 1, 1, 1, 2, 1, 1, 2, 2 | 2, 1, 1, 1, 1, 1, 1, 1, 1, 1, 1, 1 ],
		"workers": [ 1, 1, 1, 1, 1, 1, 2, 2, 2, 2 | 1, 1, 1, 1, 1, 1, 1, 1, 1, 1, 1, 1 ],
		"cost": [ 74184.125582, 9880.609460, 9879.976214, 18652.635892, 21344.980823, 54123.172305, 27335.128134, 27335.128134, 171.428908, 171.428908 | 78974.623400, 69349.387193, 14199.285930, 36392.324009, 104.368186, 94.561436, 1278.302037, 44147.280782, 17685.859465, 19842.445711, 60849.749992, 55074.011114 ],
		"time": [ 76.635548, 65.337089, 44.214531, 52.709674, 53.793069, 56.838649, 64.947620, 65.075732, 60.581811, 60.637068 | 62.946399, 49.609143, 49.488476, 61.475916, 62.671178, 58.826054, 63.439007, 58.277176, 50.779248, 52.648787, 50.862493, 40.997810 ],
		"startTime": "2021-05-03 15:04:38.075956407 +0200 CEST m=+0.014355662",
		"EndTime": "2021-05-03 15:28:32.459417899 +0200 CEST m=+1434.397817260",
		"totalTime":1.434383461598E+03
	},
	{
		"id": "0b2agagi4q",
		"nrOfEpochs": 14,
		"epochs": [ 2, 2, 2, 2, 2, 3, 4, 4, 5, 5 | 6, 6, 7, 7, 8, 8, 9, 9, 10, 10, 11, 11, 12, 12, 13, 13 ],
		"loss": [ 2.243419, 1.588772, 1.488606, 1.773599, 1.333661, 1.498578, 1.317128, 1.178532, 1.074680, 0.891839 | 1.192151, 0.672733, 1.001987, 0.925918, 0.936926, 0.858681, 0.879249, 0.717079, 0.863570, 0.304269, 0.476257, 0.487722, 0.252998, 0.462631, 0.396775, 0.415276 ],
		"servers": [ 1, 1, 1, 1, 1, 2, 1, 1, 2, 2 | 2, 2, 2, 2, 1, 1, 2, 2, 2, 2, 2, 2, 2, 2, 2, 2 ],
		"workers": [ 1, 1, 1, 1, 1, 1, 2, 2, 2, 2 | 2, 2, 2, 2, 2, 2, 2, 2, 2, 2, 2, 2, 2, 2, 2, 2 ],
		"cost": [ 124603.507431, 131867.312171, 76180.866153, 61920.345816, 54461.432913, 95.655036, 151.828686, 151.828686, 45114.469272, 45114.469272 | 105978.443445, 105978.443445, 137.553890, 137.553890, 30564.790214, 30564.790214, 36676.369641, 36676.369641, 191.155882, 191.155882, 61996.619766, 61996.619766, 114837.721607, 114837.721607, 266.407437, 266.407437 ],
		"time": [ 142.914791, 99.062687, 65.014709, 57.957062, 67.301993, 64.107566, 59.485385, 59.543128, 55.821847, 55.861503 | 74.220003, 74.244962, 72.949870, 72.994173, 69.282254, 69.342573, 64.655326, 64.714708, 64.482303, 64.542356, 67.046117, 67.097648, 69.276415, 69.277013, 69.922979, 69.939029 ],
		"startTime": "2021-05-03 15:04:38.075956407 +0200 CEST m=+0.014355662",
		"EndTime": "2021-05-03 15:26:20.872967708 +0200 CEST m=+1302.811367017",
		"totalTime":1.302797011355E+03
	},
	{
		"id": "4fmk0zmazc",
		"nrOfEpochs": 16,
		"epochs": [ 2, 2, 2, 2, 2, 3, 4, 4, 5, 5 | 6, 6, 7, 7, 8, 8, 9, 9, 10, 10, 11, 11, 12, 12, 13, 13, 14, 14, 15, 15 ],
		"loss": [ 2.521644, 1.464970, 1.685573, 1.810786, 1.304645, 1.624312, 1.476382, 0.818233, 1.406872, 1.157486 | 1.243768, 0.835961, 1.092464, 0.694952, 0.815482, 0.747569, 0.831463, 0.625476, 0.606205, 0.466740, 0.566794, 0.412915, 0.535626, 0.401604, 0.164817, 0.403592, 0.332667, 0.367661, 0.263354, 0.306418 ],
		"servers": [ 1, 1, 1, 1, 1, 2, 1, 1, 2, 2 | 2, 2, 2, 2, 2, 2, 2, 2, 2, 2, 2, 2, 2, 2, 2, 2, 2, 2, 2, 2 ],
		"workers": [ 1, 1, 1, 1, 1, 1, 2, 2, 2, 2 | 2, 2, 2, 2, 2, 2, 2, 2, 2, 2, 2, 2, 2, 2, 2, 2, 2, 2, 2, 2 ],
		"cost": [ 124299.984482, 114075.994678, 115321.211117, 54614.490478, 62938.270791, 25666.657549, 41441.535522, 41441.535522, 13233.050927, 13233.050927 | 113061.174695, 113061.174695, 169.390989, 169.390989, 126.620210, 126.620210, 25931.887441, 25931.887441, 108898.364959, 108898.364959, 101119.308896, 101119.308896, 71027.583753, 71027.583753, 18156.920557, 18156.920557, 172.715666, 172.715666, 429.605900, 429.605900 ],
		"time": [ 137.995627, 98.051422, 65.344215, 59.430367, 58.162863, 50.892206, 61.469587, 61.480927, 55.958223, 56.018829 | 72.602125, 72.647893, 70.642343, 70.663338, 66.363604, 66.380128, 59.246868, 59.277795, 60.511701, 60.557512, 57.611681, 57.642458, 62.008059, 62.053322, 64.952942, 64.999014, 67.113137, 67.122328, 56.679139, 56.717159 ],
		"startTime": "2021-05-03 15:04:38.075956407 +0200 CEST m=+0.014355662",
		"EndTime": "2021-05-03 15:27:28.637877524 +0200 CEST m=+1370.576276820",
		"totalTime":1.370561921158E+03
	}
]