[
	{
		"id": "5gjrcywbau",
		"nrOfEpochs": 16,
		"epochs": [ 2, 2, 2, 2, 3, 4, 4, 5, 5 | 6, 7, 8, 9, 10, 11, 12, 13, 14, 15 ],
		"loss": [ 1.905136, 1.905136, 1.699062, 1.836445, 1.765583, 1.345441, 1.536005, 1.579746, 1.612644 | 1.248674, 1.159762, 0.951041, 0.639885, 0.685140, 0.639576, 0.522630, 0.388439, 0.297680, 0.342471 ],
		"servers": [ 1, 1, 1, 1, 2, 1, 1, 2, 2 | 2, 2, 2, 2, 2, 2, 2, 2, 2, 2 ],
		"workers": [ 1, 1, 1, 1, 1, 2, 2, 2, 2 | 1, 1, 1, 1, 1, 1, 1, 1, 1, 1 ],
		"cost": [ 115134.435321, 115133.585329, 84737.208722, 84737.210481, 84737.467183, 90348.623161, 90348.623161, 125663.425259, 125663.425259 | 26824.272569, 26824.251066, 47967.720159, 47967.714292, 83426.758304, 83426.741576, 90782.252753, 90782.223893, 22810.104743, 22810.097453 ],
		"time": [ 68.933213, 40.596399, 22.075741, 22.145737, 20.517448, 45.589403, 45.633129, 45.850344, 45.858106 | 20.812305, 20.237231, 20.242040, 20.095363, 20.736757, 20.314120, 21.038501, 20.626414, 20.843226, 20.661989 ],
		"startTime": "2021-05-21 10:34:54.714385323 +0200 CEST m=+0.014895546",
		"EndTime": "2021-05-21 10:44:55.205092472 +0200 CEST m=+600.505602789",
		"totalTime":6.00490707243E+02
	},
	{
		"id": "pes278e6ip",
		"nrOfEpochs": 19,
		"epochs": [ 2, 2, 2, 2, 3, 4, 4, 5, 5 | 6, 7, 8, 9, 10, 11, 12, 13, 14, 15, 16, 17, 18 ],
		"loss": [ 2.428683, 1.771750, 1.982042, 1.860314, 1.565602, 1.921678, 1.312168, 1.452375, 1.117680 | 0.955588, 0.920604, 0.522285, 0.865884, 0.691235, 0.673203, 0.734642, 0.697450, 0.697623, 0.504840, 0.213042, 0.435544, 0.323228 ],
		"servers": [ 1, 1, 1, 1, 2, 1, 1, 2, 2 | 2, 2, 2, 2, 2, 2, 2, 2, 2, 2, 2, 2, 2 ],
		"workers": [ 1, 1, 1, 1, 1, 2, 2, 2, 2 | 1, 1, 1, 1, 1, 1, 1, 1, 1, 1, 1, 1, 1 ],
		"cost": [ 127462.987244, 127462.061250, 54030.610455, 54030.579914, 31153.372850, 26581.059391, 26581.059391, 140825.825750, 140825.825750 | 1873.113231, 32289.440020, 32289.422937, 39990.106249, 39990.087044, 73347.460823, 73347.482462, 74267.356172, 74267.372214, 74267.318284, 119237.472991, 119237.466746, 83502.288182 ],
		"time": [ 70.974287, 40.109314, 23.424112, 22.403234, 22.167920, 39.790970, 39.791795, 35.473969, 35.476400 | 22.986260, 22.778246, 22.374881, 22.406224, 21.939131, 21.722198, 22.261530, 22.304187, 22.704844, 21.357648, 21.235741, 21.082615, 21.371106 ],
		"startTime": "2021-05-21 10:34:54.714385323 +0200 CEST m=+0.014895546",
		"EndTime": "2021-05-21 10:46:36.065705349 +0200 CEST m=+701.366215831",
		"totalTime":7.01351320285E+02
	},
	{
		"id": "20506l79fr",
		"nrOfEpochs": 20,
		"epochs": [ 2, 2, 2, 3, 4, 4, 5, 5 | 6, 7, 8, 9, 10, 11, 12, 13, 14, 15, 16, 17, 18, 19 ],
		"loss": [ 1.694800, 1.694800, 1.694800, 1.335967, 1.293511, 1.542776, 1.294960, 1.312092 | 1.355861, 1.359840, 1.015093, 1.230707, 1.104405, 1.213181, 0.478957, 0.351457, 0.716274, 0.597649, 0.545726, 0.254063, 0.493034, 0.400210 ],
		"servers": [ 1, 1, 1, 2, 1, 1, 2, 2 | 2, 2, 2, 2, 2, 2, 2, 2, 2, 2, 2, 2, 2, 2 ],
		"workers": [ 1, 1, 1, 1, 2, 2, 2, 2 | 1, 1, 1, 1, 1, 1, 1, 1, 1, 1, 1, 1, 1, 1 ],
		"cost": [ 15312.790626, 163377.234638, 160734.409787, 160734.840954, 132280.687190, 132280.687190, 119834.317656, 119834.317656 | 95412.511312, 29178.079950, 46258.347073, 46258.290152, 154956.473003, 146443.146613, 36769.793250, 36769.819078, 169152.760886, 31197.681956, 31197.691892, 125474.382006, 86927.730655, 86927.762581 ],
		"time": [ 62.821078, 36.153714, 35.236981, 34.702663, 59.337222, 59.344793, 55.184200, 55.197992 | 36.636819, 35.248865, 37.136509, 35.702822, 35.738449, 36.597498, 35.029266, 35.687686, 34.746952, 34.364985, 34.612982, 33.216483, 33.169959, 33.970286 ],
		"startTime": "2021-05-21 10:34:54.714385323 +0200 CEST m=+0.014895546",
		"EndTime": "2021-05-21 10:50:02.088712908 +0200 CEST m=+907.389223166",
		"totalTime":9.0737432762E+02
	}
]