[
	{
		"id": "tdhwyhbizy",
		"nrOfEpochs": 18,
		"epochs": [ 2, 2, 2, 2, 2, 3, 4, 4, 5, 5 | 6, 7, 8, 9, 10, 11, 12, 13, 14, 15, 16, 17 ],
		"loss": [ 1.945547, 1.730849, 1.838198, 1.553381, 1.765753, 1.626649, 1.288779, 1.614552, 1.109784, 1.481103 | 0.913441, 0.823913, 1.096366, 0.703179, 0.638477, 0.359391, 0.609321, 0.563292, 0.366724, 0.365671, 0.066534, 0.394309 ],
		"servers": [ 1, 1, 1, 1, 1, 2, 1, 1, 2, 2 | 2, 2, 2, 2, 2, 2, 2, 2, 2, 2, 2, 2 ],
		"workers": [ 1, 1, 1, 1, 1, 1, 2, 2, 2, 2 | 1, 1, 1, 1, 1, 1, 1, 1, 1, 1, 1, 1 ],
		"cost": [ 140473.567739, 146764.224776, 69504.573351, 100.192994, 100.212518, 16371.788850, 77717.164892, 77717.164892, 81125.151015, 81125.151015 | 51808.092628, 2598.262700, 2598.199582, 459.307701, 11469.046877, 69475.544388, 124.420817, 124.397662, 840.667357, 19256.057389, 58166.774484, 5786.920519 ],
		"time": [ 76.294706, 58.316188, 46.630731, 41.312506, 41.964220, 43.446761, 51.453891, 51.574432, 51.035798, 51.085703 | 45.891297, 43.052549, 41.478581, 40.132029, 43.167213, 42.204316, 42.811229, 42.236688, 41.713847, 41.295153, 41.893404, 43.072299 ],
		"startTime": "2021-05-01 19:19:25.311794062 +0200 CEST m=+0.015540068",
		"EndTime": "2021-05-01 19:36:25.041102545 +0200 CEST m=+1019.744848635",
		"totalTime":1.019729308567E+03
	}
]