[
	{
		"id": "qczgx6rfu5",
		"nrOfEpochs": 17,
		"epochs": [ 2, 2, 2, 3, 4, 4, 5, 5 | 6, 6, 7, 7, 8, 8, 9, 9, 10, 10, 11, 11, 12, 12, 13, 13, 14, 14, 15, 15, 16, 16 ],
		"loss": [ 2.633265, 1.848166, 1.363718, 1.579167, 1.501524, 1.123374, 1.299968, 1.373550 | 1.242049, 1.226718, 1.115024, 1.251462, 1.213072, 0.913455, 0.739440, 0.717649, 0.765035, 0.471119, 0.631782, 0.604865, 0.638090, 0.277229, 0.524617, 0.497490, 0.345833, 0.340388, 0.397111, 0.171259, 0.350416, 0.321002 ],
		"servers": [ 1, 1, 1, 2, 1, 1, 2, 2 | 2, 2, 2, 2, 2, 2, 2, 2, 2, 2, 2, 2, 2, 2, 2, 2, 2, 2, 2, 2, 2, 2 ],
		"workers": [ 1, 1, 1, 1, 2, 2, 2, 2 | 2, 2, 2, 2, 2, 2, 2, 2, 2, 2, 2, 2, 2, 2, 2, 2, 2, 2, 2, 2, 2, 2 ],
		"cost": [ 166503.252446, 166502.468584, 169718.254198, 104772.176976, 259038.274063, 259038.274063, 208380.029959, 208380.029959 | 136749.263735, 136749.263735, 82637.786740, 82637.786740, 74319.580446, 74319.580446, 49115.173630, 49115.173630, 57295.117494, 57295.117494, 154006.066349, 154006.066349, 203819.799135, 203819.799135, 251297.716564, 251297.716564, 251023.227990, 251023.227990, 250708.910253, 250708.910253, 255640.642174, 255640.642174 ],
		"time": [ 61.572832, 35.444225, 36.131849, 35.652954, 59.422769, 59.444359, 60.283869, 60.319566 | 60.766660, 60.802179, 58.328087, 58.349789, 57.263823, 57.283595, 57.300779, 57.310997, 60.198351, 60.200080, 58.647569, 58.682379, 58.863725, 58.891058, 60.743118, 60.766553, 58.577945, 58.589127, 58.653230, 58.686880, 57.331563, 57.373445 ],
		"startTime": "2021-05-04 14:22:23.032852933 +0200 CEST m=+0.013676897",
		"EndTime": "2021-05-04 14:39:28.3570254 +0200 CEST m=+1025.337849399",
		"totalTime":1.025324172502E+03
	}
]