[
	{
		"id": "xk4135860k",
		"nrOfEpochs": 18,
		"epochs": [ 2, 2, 2, 2, 2, 3, 4, 4, 5, 5 | 6, 7, 8, 9, 10, 11, 12, 13, 14, 15, 16, 17 ],
		"loss": [ 2.277240, 1.741831, 1.603498, 1.693184, 1.591111, 1.331536, 1.592232, 1.203860, 1.482385, 0.847875 | 1.050562, 0.754890, 0.868484, 0.648190, 0.433361, 0.188968, 0.363447, 0.500490, 0.426891, 0.381163, 0.245070, 0.350686 ],
		"servers": [ 1, 1, 1, 1, 1, 2, 1, 1, 2, 2 | 2, 2, 2, 2, 2, 2, 2, 2, 2, 2, 2, 2 ],
		"workers": [ 1, 1, 1, 1, 1, 1, 2, 2, 2, 2 | 1, 1, 1, 1, 1, 1, 1, 1, 1, 1, 1, 1 ],
		"cost": [ 71335.799063, 73262.961299, 82.742919, 82.630728, 17394.429731, 26779.675247, 100749.651230, 100749.651230, 83208.457129, 83208.457129 | 4905.235349, 4905.268522, 95.180324, 38078.094027, 60522.913948, 60522.624775, 31797.796361, 13885.822658, 21000.891699, 52217.921616, 52217.912599, 280.817032 ],
		"time": [ 87.820739, 61.953692, 46.652827, 42.912344, 42.791819, 43.169202, 53.361091, 53.407617, 52.385236, 52.478472 | 42.769420, 43.599032, 42.092357, 43.005503, 42.918964, 35.692370, 43.049863, 42.869949, 43.401855, 42.273181, 42.045249, 43.231087 ],
		"startTime": "2021-05-01 18:08:56.167514952 +0200 CEST m=+0.013190644",
		"EndTime": "2021-05-01 18:26:06.434706805 +0200 CEST m=+1030.280382619",
		"totalTime":1.030267191975E+03
	}
]