[
	{
		"id": "qx1zjs18j8",
		"nrOfEpochs": 18,
		"epochs": [ 2, 2, 2, 3, 4, 4, 5, 5 | 6, 6, 7, 7, 8, 8, 9, 9, 10, 10, 11, 11, 12, 12, 13, 13, 14, 14, 15, 15, 16, 16, 17, 17 ],
		"loss": [ 1.822345, 1.788858, 1.740676, 1.456437, 1.702079, 1.613462, 1.660302, 1.372505 | 1.035187, 1.476707, 0.860071, 1.280955, 0.986653, 0.845232, 1.089924, 0.859732, 0.749903, 0.449111, 0.798780, 0.789490, 0.610403, 0.679537, 0.613397, 0.289769, 0.531556, 0.292129, 0.481278, 0.274172, 0.373781, 0.126514, 0.232757, 0.297700 ],
		"servers": [ 1, 1, 1, 2, 1, 1, 2, 2 | 1, 1, 1, 1, 1, 1, 1, 1, 1, 1, 1, 1, 1, 1, 1, 1, 1, 1, 1, 1, 1, 1, 1, 1 ],
		"workers": [ 1, 1, 1, 1, 2, 2, 2, 2 | 2, 2, 2, 2, 2, 2, 2, 2, 2, 2, 2, 2, 2, 2, 2, 2, 2, 2, 2, 2, 2, 2, 2, 2 ],
		"cost": [ 2.045573, 144619.245716, 167713.730274, 167714.153038, 153277.430009, 153277.430009, 203.035877, 203.035877 | 190.155260, 190.155260, 9231.210180, 9231.210180, 10501.594327, 10501.594327, 102103.709471, 102103.709471, 137174.674451, 137174.674451, 266313.099591, 266313.099591, 230963.683230, 230963.683230, 56523.467101, 56523.467101, 11014.580058, 11014.580058, 82052.570166, 82052.570166, 87385.855043, 87385.855043, 87384.842288, 87384.842288 ],
		"time": [ 58.170856, 35.454880, 32.111675, 32.148626, 59.583347, 59.667132, 62.594000, 62.607104 | 50.966706, 50.981187, 45.652416, 45.674527, 61.784398, 61.795021, 64.180954, 64.188444, 66.126958, 66.132989, 63.605525, 63.638326, 65.821787, 65.847000, 63.330890, 63.363876, 65.274072, 65.303757, 62.883077, 62.923166, 64.848265, 64.864292, 39.533564, 39.544787 ],
		"startTime": "2021-05-01 21:13:05.356892161 +0200 CEST m=+0.013499899",
		"EndTime": "2021-05-01 21:31:14.615467361 +0200 CEST m=+1089.272075148",
		"totalTime":1.089258575249E+03
	}
]