[
	{
		"id": "jqhoit2zu7",
		"nrOfEpochs": 20,
		"epochs": [ 2, 2, 2, 3, 4, 4, 5, 5 | 6, 7, 8, 9, 10, 11, 12, 13, 14, 15, 16, 17, 18, 19 ],
		"loss": [ 2.371850, 1.986100, 2.074292, 1.598446, 1.345765, 1.813283, 1.261499, 1.237319 | 1.252043, 1.109813, 0.957627, 0.863504, 1.084061, 1.053410, 0.406143, 0.506587, 0.701120, 0.695597, 0.175172, 0.261088, 0.467913, 0.460178 ],
		"servers": [ 1, 1, 1, 2, 1, 1, 2, 2 | 1, 1, 1, 1, 1, 1, 1, 1, 1, 1, 1, 1, 1, 1 ],
		"workers": [ 1, 1, 1, 1, 2, 2, 2, 2 | 1, 1, 1, 1, 1, 1, 1, 1, 1, 1, 1, 1, 1, 1 ],
		"cost": [ 39003.267703, 20727.601809, 20727.560221, 140689.676002, 32591.953758, 32591.953758, 32968.472013, 32968.472013 | 7395.942560, 135176.883528, 116295.454289, 116295.431379, 130366.806837, 10775.700087, 38773.988653, 120743.824888, 110535.268443, 110534.672085, 181.622506, 89065.073964, 89064.238540, 119762.443935 ],
		"time": [ 61.933976, 34.395937, 33.007470, 45.383056, 47.280229, 47.305096, 61.987850, 61.988346 | 34.219793, 59.524395, 34.177568, 33.411381, 60.334378, 35.433292, 58.725790, 44.718300, 53.963921, 34.093964, 60.008549, 61.805170, 33.955030, 60.247037 ],
		"startTime": "2021-05-01 19:54:46.947443133 +0200 CEST m=+0.013253831",
		"EndTime": "2021-05-01 20:12:16.942506227 +0200 CEST m=+1050.008316953",
		"totalTime":1.049995063122E+03
	}
]