[
	{
		"id": "2k1wrn6tig",
		"nrOfEpochs": 18,
		"epochs": [ 2, 2, 2, 3, 4, 4, 5, 5 | 6, 6, 7, 7, 8, 8, 9, 9, 10, 10, 11, 11, 12, 12, 13, 13, 14, 14, 15, 15, 16, 16, 17, 17 ],
		"loss": [ 2.642485, 1.815974, 1.949443, 1.689007, 1.212218, 1.668848, 1.667098, 1.448157 | 1.080230, 1.402849, 1.335154, 1.115452, 1.205421, 1.152391, 1.242253, 1.023338, 0.816107, 0.752931, 0.652036, 0.831804, 0.691694, 0.445137, 0.487693, 0.621673, 0.368861, 0.372366, 0.459146, 0.265030, 0.417415, 0.376563, 0.351207, 0.373872 ],
		"servers": [ 1, 1, 1, 2, 1, 1, 2, 2 | 2, 2, 2, 2, 2, 2, 2, 2, 2, 2, 2, 2, 2, 2, 2, 2, 2, 2, 2, 2, 2, 2, 2, 2 ],
		"workers": [ 1, 1, 1, 1, 2, 2, 2, 2 | 2, 2, 2, 2, 2, 2, 2, 2, 2, 2, 2, 2, 2, 2, 2, 2, 2, 2, 2, 2, 2, 2, 2, 2 ],
		"cost": [ 2.185533, 98966.945704, 140275.966479, 58931.134226, 254548.376590, 254548.376590, 148362.184192, 148362.184192 | 105715.509974, 105715.509974, 7172.954439, 7172.954439, 73190.518380, 73190.518380, 165889.882645, 165889.882645, 255600.904700, 255600.904700, 271141.829173, 271141.829173, 70572.595669, 70572.595669, 271937.553690, 271937.553690, 285079.504372, 285079.504372, 178817.204966, 178817.204966, 7158.331508, 7158.331508, 1350.326176, 1350.326176 ],
		"time": [ 62.834828, 35.767867, 33.901208, 58.586735, 65.852101, 65.872763, 63.227134, 63.232989 | 66.704193, 66.714947, 64.372561, 64.399972, 66.479582, 66.482673, 64.043512, 64.051758, 50.292647, 50.317657, 44.922519, 44.928557, 65.531227, 65.552622, 64.073859, 64.095601, 66.703474, 66.718167, 63.043556, 63.082896, 64.835017, 64.861051, 45.152833, 45.181978 ],
		"startTime": "2021-05-01 20:35:03.004921321 +0200 CEST m=+0.013455266",
		"EndTime": "2021-05-01 20:54:02.517512872 +0200 CEST m=+1139.526046924",
		"totalTime":1.139512591658E+03
	}
]