[
	{
		"id": "svw319h8b1",
		"nrOfEpochs": 22,
		"epochs": [ 2, 2, 2, 2, 2, 3, 4, 4, 5, 5 | 6, 7, 8, 9, 10, 11, 12, 13, 14, 15, 16, 17, 18, 19, 20, 21 ],
		"loss": [ 2.580421, 1.887090, 1.725837, 1.978542, 1.631695, 1.692947, 1.434871, 1.534147, 1.399090, 1.249266 | 1.059746, 1.246081, 0.954742, 0.760561, 0.520412, 0.908308, 0.731206, 0.762745, 0.516531, 0.380881, 0.604140, 0.511378, 0.456507, 0.170580, 0.149410, 0.378403 ],
		"servers": [ 1, 1, 1, 1, 1, 2, 1, 1, 2, 2 | 2, 2, 2, 2, 2, 2, 2, 2, 2, 2, 2, 2, 2, 2, 2, 2 ],
		"workers": [ 1, 1, 1, 1, 1, 1, 2, 2, 2, 2 | 1, 1, 1, 1, 1, 1, 1, 1, 1, 1, 1, 1, 1, 1, 1, 1 ],
		"cost": [ 21862.336279, 88.458915, 8449.988267, 23118.711245, 4566.328072, 4566.870668, 199.177733, 199.177733, 796.939265, 796.939265 | 110.385897, 33384.959981, 56596.048312, 39341.733484, 39341.768390, 400.290498, 24668.040166, 49661.915053, 157.240062, 157.292154, 124.068383, 24127.231050, 76901.169152, 3566.499967, 3566.516894, 299.851822 ],
		"time": [ 78.808199, 59.873061, 47.410531, 42.602769, 41.344706, 42.069477, 51.931689, 51.966419, 54.040955, 54.046460 | 42.153957, 41.018349, 42.673213, 41.747316, 42.522116, 41.830240, 42.052100, 42.589575, 40.964753, 42.263561, 41.899649, 42.078150, 40.667643, 41.809024, 42.228459, 41.461799 ],
		"startTime": "2021-05-02 11:03:44.782258359 +0200 CEST m=+0.013533918",
		"EndTime": "2021-05-02 11:23:57.878727484 +0200 CEST m=+1213.110003081",
		"totalTime":1.213096469163E+03
	}
]