[
	{
		"id": "g1cus101l5",
		"nrOfEpochs": 18,
		"epochs": [ 2, 2, 2, 2, 3, 4, 4, 5, 5 | 6, 6, 7, 7, 8, 8, 9, 9, 10, 10, 11, 11, 12, 12, 13, 13, 14, 14, 15, 15, 16, 16, 17, 17 ],
		"loss": [ 1.706438, 1.664563, 1.685500, 1.660489, 1.575442, 1.271732, 1.571545, 1.272020, 1.175195 | 1.225614, 1.250133, 0.930531, 1.170699, 1.150434, 0.691076, 0.684627, 0.925473, 0.885210, 0.451581, 0.716038, 0.640132, 0.723687, 0.632584, 0.494198, 0.549629, 0.503835, 0.319591, 0.435457, 0.373537, 0.342571, 0.394998, 0.373231, 0.383959 ],
		"servers": [ 1, 1, 1, 1, 2, 1, 1, 2, 2 | 2, 2, 2, 2, 2, 2, 2, 2, 2, 2, 2, 2, 2, 2, 2, 2, 2, 2, 2, 2, 2, 2, 2, 2 ],
		"workers": [ 1, 1, 1, 1, 1, 2, 2, 2, 2 | 2, 2, 2, 2, 2, 2, 2, 2, 2, 2, 2, 2, 2, 2, 2, 2, 2, 2, 2, 2, 2, 2, 2, 2 ],
		"cost": [ 135082.050816, 126414.147281, 126413.293059, 126413.262521, 93077.947884, 71146.634197, 71146.634197, 71147.032712, 71147.032712 | 178623.144292, 178623.144292, 178622.918510, 178622.918510, 21046.036992, 21046.036992, 21046.195709, 21046.195709, 180233.553485, 180233.553485, 114102.210569, 114102.210569, 114101.829913, 114101.829913, 95962.562724, 95962.562724, 34321.965754, 34321.965754, 34322.193870, 34322.193870, 182431.800764, 182431.800764, 171272.422319, 171272.422319 ],
		"time": [ 102.009042, 56.977134, 28.493954, 27.483972, 30.787109, 28.822137, 28.915259, 29.089827, 29.098116 | 35.455442, 35.549413, 30.973731, 31.036732, 27.915167, 27.998018, 31.151873, 31.170459, 23.308335, 23.337444, 35.982721, 36.042332, 28.372302, 28.433959, 32.583532, 32.607645, 28.614178, 28.624173, 33.093108, 33.125734, 27.242697, 27.326032, 25.704447, 25.706105 ],
		"startTime": "2021-05-10 14:07:14.180137228 +0200 CEST m=+0.013419054",
		"EndTime": "2021-05-10 14:22:21.498149439 +0200 CEST m=+907.331431307",
		"totalTime":9.07318012253E+02
	},
	{
		"id": "p134301fqn",
		"nrOfEpochs": 16,
		"epochs": [ 2, 2, 2, 2, 3, 4, 4, 5, 5 | 6, 6, 7, 7, 8, 8, 9, 9, 10, 10, 11, 11, 12, 12, 13, 13, 14, 14, 15, 15 ],
		"loss": [ 1.901259, 1.576955, 1.739107, 1.703456, 1.633705, 1.710896, 1.672824, 1.532543, 1.362168 | 1.237423, 1.138964, 1.268439, 0.856930, 0.918134, 1.083978, 1.010049, 0.847514, 0.780737, 0.928082, 0.517581, 0.453228, 0.507014, 0.345242, 0.489863, 0.368490, 0.230242, 0.388170, 0.364401, 0.290259 ],
		"servers": [ 1, 1, 1, 1, 2, 1, 1, 2, 2 | 2, 2, 2, 2, 2, 2, 2, 2, 2, 2, 2, 2, 2, 2, 2, 2, 2, 2, 2, 2 ],
		"workers": [ 1, 1, 1, 1, 1, 2, 2, 2, 2 | 2, 2, 2, 2, 2, 2, 2, 2, 2, 2, 2, 2, 2, 2, 2, 2, 2, 2, 2, 2 ],
		"cost": [ 121940.531463, 124801.692916, 124800.793183, 96111.083313, 96111.443593, 43174.097388, 43174.097388, 102662.820957, 102662.820957 | 139178.834176, 139178.834176, 139178.380152, 139178.380152, 116146.750486, 116146.750486, 65073.797496, 65073.797496, 117412.130242, 117412.130242, 117411.691564, 117411.691564, 50203.499613, 50203.499613, 193122.529456, 193122.529456, 193122.892337, 193122.892337, 122473.092682, 122473.092682 ],
		"time": [ 106.922022, 59.563710, 29.572686, 29.089420, 28.316708, 40.485379, 40.537145, 32.351259, 32.411785 | 38.460490, 38.474354, 29.466725, 29.536623, 36.640042, 36.725669, 30.292665, 30.354020, 37.749040, 37.820949, 28.847270, 28.975003, 34.025017, 34.075292, 30.881263, 30.885974, 38.098195, 38.166968, 28.041504, 28.055087 ],
		"startTime": "2021-05-10 14:07:14.180137228 +0200 CEST m=+0.013419054",
		"EndTime": "2021-05-10 14:21:41.021661002 +0200 CEST m=+866.854942874",
		"totalTime":8.6684152382E+02
	},
	{
		"id": "xo9d4geq32",
		"nrOfEpochs": 20,
		"epochs": [ 2, 2, 2, 3, 4, 4, 5, 5 | 6, 6, 7, 7, 8, 8, 9, 9, 10, 10, 11, 11, 12, 12, 13, 13, 14, 14, 15, 15, 16, 16, 17, 17, 18, 18, 19, 19 ],
		"loss": [ 2.388594, 1.657833, 1.944196, 1.772550, 1.563821, 1.315050, 1.299385, 1.481121 | 1.046482, 1.117627, 1.251933, 1.239310, 1.022355, 1.135541, 0.926735, 1.115175, 1.045041, 0.853040, 0.695531, 0.727126, 0.504960, 0.765140, 0.709159, 0.678191, 0.591135, 0.642467, 0.459446, 0.222503, 0.518748, 0.486860, 0.250561, 0.300316, 0.277516, 0.366800, 0.255334, 0.208764 ],
		"servers": [ 1, 1, 1, 2, 1, 1, 2, 2 | 2, 2, 2, 2, 2, 2, 2, 2, 2, 2, 2, 2, 2, 2, 2, 2, 2, 2, 2, 2, 2, 2, 2, 2, 2, 2, 2, 2 ],
		"workers": [ 1, 1, 1, 1, 2, 2, 2, 2 | 2, 2, 2, 2, 2, 2, 2, 2, 2, 2, 2, 2, 2, 2, 2, 2, 2, 2, 2, 2, 2, 2, 2, 2, 2, 2, 2, 2 ],
		"cost": [ 118257.851177, 121352.425519, 121352.521845, 117755.189634, 115369.206474, 115369.206474, 182196.541106, 182196.541106 | 141787.296878, 141787.296878, 183685.874293, 183685.874293, 152312.645096, 152312.645096, 66515.052807, 66515.052807, 178096.237955, 178096.237955, 197043.166984, 197043.166984, 143348.991354, 143348.991354, 172545.118598, 172545.118598, 231415.403559, 231415.403559, 120553.428796, 120553.428796, 136214.582796, 136214.582796, 59143.534417, 59143.534417, 76021.011341, 76021.011341, 110446.227027, 110446.227027 ],
		"time": [ 64.480597, 37.797031, 41.004720, 33.585832, 63.603619, 63.636726, 74.834150, 74.837771 | 74.705304, 74.743741, 76.997224, 77.002866, 73.274472, 73.294501, 73.124599, 73.141050, 72.159168, 72.160380, 61.118267, 61.129329, 56.259471, 56.285086, 56.184392, 56.227797, 56.886984, 56.888735, 57.604486, 57.634049, 58.259784, 58.299011, 56.152893, 56.204654, 57.536507, 57.602657, 54.628983, 54.718132 ],
		"startTime": "2021-05-10 14:07:14.180137228 +0200 CEST m=+0.013419054",
		"EndTime": "2021-05-10 14:30:57.435643378 +0200 CEST m=+1423.268925230",
		"totalTime":1.423255506176E+03
	}
]