[
	{
		"id": "rrty0ydqj3",
		"nrOfEpochs": 18,
		"epochs": [ 2, 2, 2, 2, 3, 4, 4, 5, 5 | 6, 6, 7, 7, 8, 9, 10, 11, 12, 13, 14, 15, 16, 17 ],
		"loss": [ 2.136690, 2.056698, 1.810339, 2.001243, 1.533459, 1.464385, 1.696159, 1.348823, 1.229014 | 1.454368, 1.303429, 1.406359, 0.804520, 1.239538, 0.966285, 0.696262, 0.677922, 0.734689, 0.274454, 0.669922, 0.211790, 0.315017, 0.143670 ],
		"servers": [ 1, 1, 1, 1, 2, 1, 1, 2, 2 | 2, 2, 2, 2, 2, 2, 2, 2, 2, 2, 2, 2, 2, 2 ],
		"workers": [ 1, 1, 1, 1, 1, 2, 2, 2, 2 | 2, 2, 2, 2, 1, 1, 1, 1, 1, 1, 1, 1, 1, 1 ],
		"cost": [ 104951.088898, 61880.738216, 61879.962290, 77257.308720, 77257.729810, 49638.709345, 49638.709345, 53466.229819, 53466.229819 | 231942.038485, 231942.038485, 231942.168092, 231942.168092, 96934.747252, 70394.834748, 70394.577590, 98318.455637, 98318.644908, 102365.414360, 102365.253767, 108488.722462, 108300.143131, 108300.099014 ],
		"time": [ 96.208695, 50.047045, 24.182165, 23.437458, 25.502221, 32.752216, 33.086270, 24.280414, 24.321894 | 30.424607, 30.492106, 33.055797, 33.079352, 26.042261, 26.750671, 20.339938, 19.762361, 24.492146, 27.725948, 23.696396, 22.883734, 22.996035, 21.888640 ],
		"startTime": "2021-05-05 10:12:07.057810287 +0200 CEST m=+0.013563427",
		"EndTime": "2021-05-05 10:24:45.376116933 +0200 CEST m=+758.331870125",
		"totalTime":7.58318306698E+02
	},
	{
		"id": "3xo79oiqvf",
		"nrOfEpochs": 16,
		"epochs": [ 2, 2, 2, 2, 3, 4, 4, 5, 5 | 6, 6, 7, 7, 8, 8, 9, 9, 10, 10, 11, 11, 12, 12, 13, 13, 14, 14, 15, 15 ],
		"loss": [ 2.908844, 1.682987, 2.113531, 1.769196, 1.391808, 1.610001, 1.602202, 1.529355, 1.261768 | 1.479027, 1.318685, 1.110589, 0.972711, 0.646357, 1.105474, 1.030763, 0.831284, 0.753145, 0.833871, 0.716960, 0.762880, 0.779628, 0.370730, 0.400568, 0.191248, 0.397154, 0.423585, 0.356657, 0.353842 ],
		"servers": [ 1, 1, 1, 1, 2, 1, 1, 2, 2 | 1, 1, 2, 2, 1, 1, 2, 2, 1, 1, 1, 1, 1, 1, 1, 1, 1, 1, 1, 1 ],
		"workers": [ 1, 1, 1, 1, 1, 2, 2, 2, 2 | 2, 2, 2, 2, 2, 2, 2, 2, 2, 2, 2, 2, 2, 2, 2, 2, 2, 2, 2, 2 ],
		"cost": [ 94519.839809, 123419.601897, 123418.858654, 75180.667607, 75181.108621, 104611.129131, 104611.129131, 80291.339250, 80291.339250 | 133227.544546, 133227.544546, 133227.933103, 133227.933103, 124003.834816, 124003.834816, 52442.322339, 52442.322339, 47010.433236, 47010.433236, 47010.564157, 47010.564157, 77116.484000, 77116.484000, 77116.550915, 77116.550915, 169405.653625, 169405.653625, 169405.622709, 169405.622709 ],
		"time": [ 92.546667, 49.640014, 24.855337, 23.221664, 25.934249, 23.212224, 23.334864, 30.444287, 30.526089 | 30.370624, 30.375632, 30.022527, 30.063093, 30.194314, 30.241192, 30.238852, 30.287025, 23.446831, 23.471651, 26.610386, 26.739923, 23.176389, 23.282314, 24.718823, 24.959003, 24.441524, 24.553989, 23.772697, 23.777852 ],
		"startTime": "2021-05-05 10:12:07.057810287 +0200 CEST m=+0.013563427",
		"EndTime": "2021-05-05 10:24:12.392984283 +0200 CEST m=+725.348737475",
		"totalTime":7.25335174048E+02
	},
	{
		"id": "wwbe7n20qs",
		"nrOfEpochs": 20,
		"epochs": [ 2, 2, 2, 2, 3, 4, 4, 5, 5 | 6, 7, 8, 9, 10, 11, 12, 13, 14, 15, 16, 17, 18, 19 ],
		"loss": [ 3.079920, 1.622952, 1.716734, 1.754303, 1.415332, 1.477312, 1.597327, 1.385723, 1.525999 | 1.480339, 1.073304, 0.859009, 0.905826, 0.955729, 0.539736, 0.431938, 0.413632, 0.579321, 0.584071, 0.509740, 0.495288, 0.438758, 0.461112 ],
		"servers": [ 1, 1, 1, 1, 2, 1, 1, 2, 2 | 2, 2, 2, 2, 2, 2, 2, 2, 2, 2, 2, 2, 2, 2 ],
		"workers": [ 1, 1, 1, 1, 1, 2, 2, 2, 2 | 1, 1, 1, 1, 1, 1, 1, 1, 1, 1, 1, 1, 1, 1 ],
		"cost": [ 111995.230593, 139757.770353, 139757.252922, 139757.269515, 63009.039133, 44612.522378, 44612.522378, 44613.077723, 44613.077723 | 112650.982391, 125379.142237, 122307.482154, 122307.462018, 75916.102690, 16772.574907, 16772.578109, 79700.985934, 79700.985162, 27888.448872, 27888.456799, 36621.427997, 36621.393376, 24028.583378 ],
		"time": [ 77.231136, 41.361641, 24.107879, 24.667149, 22.623522, 35.444231, 35.451986, 37.410031, 37.455959 | 29.004758, 29.851241, 21.697666, 21.218288, 22.313629, 21.466072, 21.511991, 21.618227, 21.600009, 21.445420, 21.641811, 21.866841, 21.119728, 20.613166 ],
		"startTime": "2021-05-05 10:12:07.057810287 +0200 CEST m=+0.013563427",
		"EndTime": "2021-05-05 10:25:23.954407965 +0200 CEST m=+796.910161158",
		"totalTime":7.96896597731E+02
	}
]