[
	{
		"id": "nm8x962xlg",
		"nrOfEpochs": 20,
		"epochs": [ 2, 2, 2, 2, 3, 4, 4, 5, 5 | 6, 7, 8, 9, 10, 11, 12, 13, 14, 15, 16, 17, 18, 19 ],
		"loss": [ 2.109993, 2.109993, 1.871731, 1.857282, 1.906881, 1.528231, 1.854824, 1.653202, 1.258551 | 1.226261, 1.076267, 1.183400, 0.617269, 0.800961, 0.919618, 0.649733, 0.482135, 0.555471, 0.283399, 0.578071, 0.499861, 0.205123, 0.159840 ],
		"servers": [ 1, 1, 1, 1, 2, 1, 1, 2, 2 | 2, 2, 2, 2, 2, 2, 2, 2, 2, 2, 2, 2, 2, 2 ],
		"workers": [ 1, 1, 1, 1, 1, 2, 2, 2, 2 | 1, 1, 1, 1, 1, 1, 1, 1, 1, 1, 1, 1, 1, 1 ],
		"cost": [ 121662.141880, 121661.021250, 121973.634684, 121973.607141, 70233.668583, 153563.241071, 153563.241071, 153563.340961, 153563.340961 | 19337.845734, 78680.600795, 78680.634024, 31622.389119, 31622.239139, 43374.628087, 43374.576184, 70576.703762, 70576.813942, 70576.721213, 65664.029510, 12099.843455, 12099.762256, 98063.964845 ],
		"time": [ 89.130759, 51.776354, 25.543893, 24.620291, 20.754109, 37.380653, 37.388995, 29.822249, 29.822452 | 27.758576, 22.062134, 22.875615, 24.086586, 20.327775, 22.106896, 20.813800, 20.781545, 23.514296, 21.212274, 25.617741, 28.046544, 26.007218, 19.983075 ],
		"startTime": "2021-05-10 14:31:27.837529738 +0200 CEST m=+0.013212097",
		"EndTime": "2021-05-10 14:45:36.761313145 +0200 CEST m=+848.936995650",
		"totalTime":8.48923783553E+02
	},
	{
		"id": "dlzbvuhdbz",
		"nrOfEpochs": 20,
		"epochs": [ 2, 2, 2, 2, 3, 4, 4, 5, 5 | 6, 7, 8, 9, 10, 11, 12, 13, 14, 15, 16, 17, 18, 19 ],
		"loss": [ 2.324469, 1.671976, 1.997579, 1.693323, 1.921837, 1.848682, 1.442613, 1.768199, 1.549159 | 1.706098, 1.191003, 0.848633, 1.130365, 0.729467, 0.569512, 0.501333, 0.755862, 0.449841, 0.601203, 0.575550, 0.278777, 0.421632, 0.465400 ],
		"servers": [ 1, 1, 1, 1, 2, 1, 1, 2, 2 | 2, 2, 2, 2, 2, 2, 2, 2, 2, 2, 2, 2, 2, 2 ],
		"workers": [ 1, 1, 1, 1, 1, 2, 2, 2, 2 | 1, 1, 1, 1, 1, 1, 1, 1, 1, 1, 1, 1, 1, 1 ],
		"cost": [ 146741.736246, 146740.537523, 138524.944499, 138524.925082, 69687.773214, 63676.375094, 63676.375094, 90535.048224, 90535.048224 | 63.071970, 62.886286, 131293.695192, 131293.554783, 81708.181582, 81708.099985, 92339.851856, 92339.872016, 109262.634941, 109262.718557, 37194.108769, 37194.175582, 65684.951221, 65685.149719 ],
		"time": [ 85.720338, 45.758986, 21.501339, 20.836994, 20.299309, 34.638730, 34.758372, 24.579275, 24.594271 | 26.710397, 22.094429, 23.221049, 19.679599, 22.603155, 20.544277, 19.963934, 20.445059, 19.939730, 22.029502, 20.837090, 22.516438, 28.366759, 33.329256 ],
		"startTime": "2021-05-10 14:31:27.837529738 +0200 CEST m=+0.013212097",
		"EndTime": "2021-05-10 14:45:18.412162416 +0200 CEST m=+830.587845323",
		"totalTime":8.30574633226E+02
	},
	{
		"id": "ebjtx24oo1",
		"nrOfEpochs": 20,
		"epochs": [ 2, 2, 2, 3, 4, 4, 5, 5 | 6, 7, 8, 9, 10, 11, 12, 13, 14, 15, 16, 17, 18, 19 ],
		"loss": [ 0.998443, 0.998443, 0.998443, 0.998443, 0.998443, 0.998443, 0.998443, 0.998443 | 0.998443, 0.998443, 0.998443, 0.998443, 0.998443, 0.841291, 0.889602, 0.611516, 0.447538, 0.757678, 0.636465, 0.456337, 0.127272, 0.343636 ],
		"servers": [ 1, 1, 1, 2, 1, 1, 2, 2 | 2, 2, 2, 2, 2, 2, 2, 2, 2, 2, 2, 2, 2, 2 ],
		"workers": [ 1, 1, 1, 1, 2, 2, 2, 2 | 1, 1, 1, 1, 1, 1, 1, 1, 1, 1, 1, 1, 1, 1 ],
		"cost": [ 61631.362257, 140379.978614, 111248.170734, 155193.766696, 143720.123946, 143720.123946, 209007.326047, 209007.326047 | 111812.990871, 24410.141305, 124844.554916, 75269.705937, 75269.671219, 147291.344307, 68336.830608, 148227.432713, 138230.530528, 138230.478763, 148450.586528, 76978.430747, 76978.424167, 139659.492469 ],
		"time": [ 71.891285, 38.933340, 39.675844, 38.393656, 49.780889, 49.827031, 42.469651, 42.516376 | 38.663485, 38.823648, 39.381645, 39.194741, 38.324162, 39.421664, 38.248229, 38.613841, 38.641335, 37.330386, 37.180431, 36.656935, 36.490935, 35.842175 ],
		"startTime": "2021-05-10 14:31:27.837529738 +0200 CEST m=+0.013212097",
		"EndTime": "2021-05-10 14:48:55.701460834 +0200 CEST m=+1047.877143231",
		"totalTime":1.047863931134E+03
	}
]