[
	{
		"id": "bpmdhd9w0z",
		"nrOfEpochs": 17,
		"epochs": [ 2, 2, 2, 3, 4, 4, 5, 5 | 6, 6, 7, 7, 8, 8, 9, 9, 10, 10, 11, 11, 12, 12, 13, 13, 14, 14, 15, 15, 16, 16 ],
		"loss": [ 1.189799, 1.189799, 1.189799, 1.189799, 1.189799, 1.189799, 1.189799, 1.189799 | 1.189799, 1.189799, 0.997833, 1.151405, 0.901727, 1.086113, 1.065375, 0.835102, 0.955567, 0.477019, 0.411320, 0.682213, 0.672244, 0.523130, 0.549719, 0.567725, 0.463696, 0.398894, 0.392403, 0.474488, 0.421778, 0.430252 ],
		"servers": [ 1, 1, 1, 2, 1, 1, 2, 2 | 2, 2, 2, 2, 2, 2, 2, 2, 2, 2, 2, 2, 2, 2, 2, 2, 2, 2, 2, 2, 2, 2 ],
		"workers": [ 1, 1, 1, 1, 2, 2, 2, 2 | 2, 2, 2, 2, 2, 2, 2, 2, 2, 2, 2, 2, 2, 2, 2, 2, 2, 2, 2, 2, 2, 2 ],
		"cost": [ 121192.353738, 121191.871138, 124025.129653, 124025.541748, 147934.051973, 147934.051973, 146249.716446, 146249.716446 | 92622.223693, 92622.223693, 87515.801882, 87515.801882, 192924.574207, 192924.574207, 196707.137358, 196707.137358, 31371.529772, 31371.529772, 46075.326159, 46075.326159, 78849.830475, 78849.830475, 176783.073643, 176783.073643, 133280.099306, 133280.099306, 142716.353129, 142716.353129, 285658.491984, 285658.491984 ],
		"time": [ 48.904171, 32.869999, 31.584339, 31.480143, 40.965181, 41.022216, 56.832649, 57.147691 | 51.349410, 51.357506, 49.845027, 50.035028, 43.069828, 43.183187, 53.722099, 53.730152, 57.684410, 57.757157, 56.579615, 56.702133, 59.709075, 59.853661, 48.935272, 48.955384, 39.362979, 39.384188, 39.900946, 39.927091, 39.057772, 39.094130 ],
		"startTime": "2021-05-05 09:55:12.571554116 +0200 CEST m=+0.013610104",
		"EndTime": "2021-05-05 10:11:29.379624814 +0200 CEST m=+976.821680846",
		"totalTime":9.76808070742E+02
	},
	{
		"id": "sw55s1u8xm",
		"nrOfEpochs": 17,
		"epochs": [ 2, 2, 2, 2, 3, 4, 4, 5, 5 | 6, 6, 7, 7, 8, 8, 9, 9, 10, 10, 11, 11, 12, 12, 13, 13, 14, 14, 15, 15, 16, 16 ],
		"loss": [ 1.692896, 1.692896, 1.590991, 1.658928, 1.574946, 1.560024, 1.591854, 1.410172, 1.085151 | 1.265857, 0.780067, 1.226620, 1.153574, 1.044414, 0.881775, 1.017290, 1.064735, 0.795699, 0.960783, 0.462874, 0.739742, 0.633174, 0.493717, 0.464138, 0.548027, 0.417317, 0.345270, 0.453694, 0.375139, 0.427889, 0.285825 ],
		"servers": [ 1, 1, 1, 1, 2, 1, 1, 2, 2 | 2, 2, 2, 2, 2, 2, 2, 2, 2, 2, 2, 2, 2, 2, 2, 2, 2, 2, 2, 2, 2, 2 ],
		"workers": [ 1, 1, 1, 1, 1, 2, 2, 2, 2 | 2, 2, 2, 2, 2, 2, 2, 2, 2, 2, 2, 2, 2, 2, 2, 2, 2, 2, 2, 2, 2, 2 ],
		"cost": [ 135855.879695, 63002.196659, 70742.741076, 70742.737207, 34096.149898, 26790.725432, 26790.725432, 69943.495527, 69943.495527 | 214995.221020, 214995.221020, 214995.092820, 214995.092820, 155978.531586, 155978.531586, 90619.722843, 90619.722843, 43676.778621, 43676.778621, 53938.468427, 53938.468427, 53938.150014, 53938.150014, 64365.006985, 64365.006985, 71478.139304, 71478.139304, 71478.630000, 71478.630000, 152096.273598, 152096.273598 ],
		"time": [ 94.650332, 47.170134, 26.775471, 26.640296, 20.215786, 36.582930, 36.751895, 21.018189, 21.055964 | 32.780213, 32.897335, 30.139754, 30.323937, 31.839436, 31.876861, 31.222329, 31.247749, 34.243407, 34.269319, 31.536739, 31.557796, 25.204344, 25.353730, 33.213179, 33.241213, 23.212523, 23.214009, 32.917759, 33.014584, 25.820925, 25.843945 ],
		"startTime": "2021-05-05 09:55:12.571554116 +0200 CEST m=+0.013610104",
		"EndTime": "2021-05-05 10:08:36.48477769 +0200 CEST m=+803.926833720",
		"totalTime":8.03913223616E+02
	},
	{
		"id": "i62syfsbdg",
		"nrOfEpochs": 18,
		"epochs": [ 2, 2, 2, 2, 3, 4, 4, 5, 5 | 6, 6, 7, 7, 8, 8, 9, 9, 10, 10, 11, 11, 12, 12, 13, 13, 14, 14, 15, 15, 16, 16, 17, 17 ],
		"loss": [ 2.787728, 1.785241, 1.833739, 1.883147, 1.482943, 1.656181, 1.532447, 1.440558, 1.204897 | 1.154111, 1.397639, 1.172738, 0.988804, 1.053719, 0.936425, 1.109865, 0.512965, 0.678611, 0.858317, 0.819237, 0.634482, 0.692481, 0.661451, 0.537164, 0.616274, 0.527131, 0.606900, 0.402914, 0.306198, 0.491883, 0.259359, 0.413451, 0.351540 ],
		"servers": [ 1, 1, 1, 1, 2, 1, 1, 2, 2 | 2, 2, 2, 2, 2, 2, 2, 2, 2, 2, 2, 2, 2, 2, 2, 2, 2, 2, 2, 2, 2, 2, 2, 2 ],
		"workers": [ 1, 1, 1, 1, 1, 2, 2, 2, 2 | 2, 2, 2, 2, 2, 2, 2, 2, 2, 2, 2, 2, 2, 2, 2, 2, 2, 2, 2, 2, 2, 2, 2, 2 ],
		"cost": [ 141702.909802, 120428.241360, 120427.735336, 55096.072086, 55096.389188, 84709.688543, 84709.688543, 84709.767602, 84709.767602 | 173705.484851, 173705.484851, 173705.458892, 173705.458892, 180056.312472, 180056.312472, 116088.275081, 116088.275081, 144171.912508, 144171.912508, 144171.550433, 144171.550433, 205897.146484, 205897.146484, 137333.370923, 137333.370923, 137333.575842, 137333.575842, 41682.176046, 41682.176046, 52049.738723, 52049.738723, 52050.055654, 52050.055654 ],
		"time": [ 79.632637, 44.623648, 27.752923, 26.106234, 24.990468, 35.322732, 35.654710, 28.100185, 28.113368 | 32.317027, 32.601572, 31.903201, 32.086695, 29.772581, 29.922058, 28.945933, 28.981203, 32.026185, 32.110276, 24.831358, 24.889537, 34.440358, 34.589764, 26.210990, 26.416804, 30.475853, 30.523652, 34.762618, 34.772003, 27.641862, 27.662211, 33.930683, 34.000267 ],
		"startTime": "2021-05-05 09:55:12.571554116 +0200 CEST m=+0.013610104",
		"EndTime": "2021-05-05 10:09:08.560206247 +0200 CEST m=+836.002262278",
		"totalTime":8.35988652174E+02
	}
]