[
	{
		"id": "y4hapwieah",
		"nrOfEpochs": 18,
		"epochs": [ 2, 2, 2, 3, 4, 4, 5, 5 | 6, 7, 8, 9, 10, 11, 12, 13, 14, 15, 16, 17 ],
		"loss": [ 2.140920, 1.959260, 1.685888, 1.727842, 1.409085, 1.520185, 1.436649, 1.555930 | 1.529938, 1.441213, 1.359406, 1.019808, 0.924647, 0.849626, 1.118940, 1.054485, 0.993501, 0.321112, 0.243839, 0.191688 ],
		"servers": [ 1, 1, 1, 2, 1, 1, 2, 2 | 1, 1, 1, 1, 1, 1, 1, 1, 1, 1, 1, 1 ],
		"workers": [ 1, 1, 1, 1, 2, 2, 2, 2 | 1, 1, 1, 1, 1, 1, 1, 1, 1, 1, 1, 1 ],
		"cost": [ 116299.240470, 80239.905053, 80239.870367, 70576.266583, 112861.672393, 112861.672393, 80956.559006, 80956.559006 | 35546.286707, 113579.993725, 113579.853891, 120883.271007, 41261.107675, 41261.114937, 123636.228636, 15827.301292, 120779.338997, 120779.351705, 66801.056872, 105507.112023 ],
		"time": [ 64.893546, 36.728616, 35.576033, 32.129545, 53.423901, 53.616786, 58.352209, 58.428861 | 37.692932, 39.654764, 34.975841, 35.007527, 35.813557, 36.013784, 34.617208, 33.599638, 33.721541, 34.151907, 32.764023, 35.845294 ],
		"startTime": "2021-05-04 23:49:35.38850414 +0200 CEST m=+0.013183690",
		"EndTime": "2021-05-05 00:03:27.878352786 +0200 CEST m=+832.503032380",
		"totalTime":8.3248984869E+02
	},
	{
		"id": "pkqwkj59xe",
		"nrOfEpochs": 17,
		"epochs": [ 2, 2, 2, 3, 4, 4, 5, 5 | 6, 7, 8, 9, 10, 11, 12, 13, 14, 15, 16 ],
		"loss": [ 2.149675, 1.981885, 1.713074, 1.381721, 1.283745, 1.450994, 1.476738, 1.172584 | 1.353156, 1.347443, 1.360183, 0.967428, 0.768451, 0.910860, 0.836730, 0.861663, 0.497854, 0.363482, 0.394890 ],
		"servers": [ 1, 1, 1, 2, 1, 1, 2, 2 | 1, 1, 1, 1, 1, 1, 1, 1, 1, 1, 1 ],
		"workers": [ 1, 1, 1, 1, 2, 2, 2, 2 | 1, 1, 1, 1, 1, 1, 1, 1, 1, 1, 1 ],
		"cost": [ 51090.478793, 139676.370208, 140146.438500, 140146.809335, 52045.164521, 52045.164521, 75972.994719, 75972.994719 | 137380.933438, 96459.040808, 104339.051941, 104338.987466, 64527.184489, 140669.250648, 140669.285794, 127641.741958, 91375.310752, 146964.340439, 146964.338810 ],
		"time": [ 68.542692, 39.720593, 40.453088, 37.097402, 50.122327, 50.145963, 53.776431, 53.817354 | 41.411464, 39.419629, 40.907747, 38.729051, 38.868491, 38.355526, 39.532194, 38.706584, 38.935769, 39.587568, 39.529086 ],
		"startTime": "2021-05-04 23:49:35.38850414 +0200 CEST m=+0.013183690",
		"EndTime": "2021-05-05 00:03:17.438628204 +0200 CEST m=+822.063307854",
		"totalTime":8.22050124164E+02
	}
]