[
	{
		"id": "ijbpfec2wh",
		"nrOfEpochs": 21,
		"epochs": [ 2, 2, 2, 3, 4, 4, 5, 5 | 6, 7, 8, 9, 10, 11, 12, 13, 14, 15, 16, 17, 18, 19, 20 ],
		"loss": [ 1.608944, 1.608944, 1.608944, 1.608944, 1.374097, 1.561974, 1.442573, 1.519306 | 1.501379, 1.077791, 1.312607, 1.082529, 0.917023, 0.793007, 0.657554, 0.634411, 0.816905, 0.344720, 0.338203, 0.558359, 0.494122, 0.494964, 0.094916 ],
		"servers": [ 1, 1, 1, 2, 1, 1, 2, 2 | 2, 2, 2, 2, 2, 2, 2, 2, 2, 2, 2, 2, 2, 2, 2 ],
		"workers": [ 1, 1, 1, 1, 2, 2, 2, 2 | 1, 1, 1, 1, 1, 1, 1, 1, 1, 1, 1, 1, 1, 1, 1 ],
		"cost": [ 169286.283524, 169285.678277, 108551.148630, 108551.543951, 152823.627454, 152823.627454, 76493.794277, 76493.794277 | 38734.435831, 125598.914669, 128518.871591, 128518.852008, 30996.862683, 30996.873944, 106467.338108, 49723.202640, 49723.201588, 64184.367642, 57374.241572, 57374.217265, 75405.015651, 165903.301560, 165903.301942 ],
		"time": [ 50.710562, 30.538642, 31.246513, 30.812169, 36.453405, 36.502741, 34.752302, 34.771136 | 31.954977, 32.293713, 32.276876, 31.786056, 31.069502, 31.346904, 30.949214, 31.200219, 31.173760, 31.171694, 31.499805, 30.892151, 31.294802, 30.882279, 30.892590 ],
		"startTime": "2021-05-05 01:32:27.202732332 +0200 CEST m=+0.013697646",
		"EndTime": "2021-05-05 01:45:59.614596795 +0200 CEST m=+812.425562151",
		"totalTime":8.12411864505E+02
	}
]