[
	{
		"id": "1x6m5polx0",
		"nrOfEpochs": 18,
		"epochs": [ 2, 2, 2, 3, 4, 4, 5, 5 | 6, 6, 7, 7, 8, 8, 9, 9, 10, 10, 11, 11, 12, 12, 13, 13, 14, 14, 15, 15, 16, 16, 17, 17 ],
		"loss": [ 3.135531, 1.775105, 2.060812, 1.554523, 1.875852, 1.432877, 1.336216, 1.497117 | 1.084355, 1.313026, 1.197908, 1.229494, 0.906565, 0.995038, 1.045840, 1.074969, 0.797874, 0.625658, 0.524182, 0.813705, 0.405215, 0.555444, 0.584841, 0.304168, 0.532674, 0.353685, 0.374321, 0.429938, 0.155350, 0.255765, 0.313812, 0.305837 ],
		"servers": [ 1, 1, 1, 2, 1, 1, 2, 2 | 2, 2, 2, 2, 2, 2, 2, 2, 2, 2, 2, 2, 2, 2, 2, 2, 2, 2, 2, 2, 2, 2, 2, 2 ],
		"workers": [ 1, 1, 1, 1, 2, 2, 2, 2 | 2, 2, 2, 2, 2, 2, 2, 2, 2, 2, 2, 2, 2, 2, 2, 2, 2, 2, 2, 2, 2, 2, 2, 2 ],
		"cost": [ 10599.690395, 63761.203437, 63761.174694, 92892.870306, 153911.047742, 153911.047742, 153911.522133, 153911.522133 | 158265.464822, 158265.464822, 61610.929151, 61610.929151, 61611.108564, 61611.108564, 254584.183772, 254584.183772, 157620.116300, 157620.116300, 157619.979664, 157619.979664, 271615.121123, 271615.121123, 71912.644911, 71912.644911, 290933.050222, 290933.050222, 290932.941031, 290932.941031, 278433.959069, 278433.959069, 117839.938329, 117839.938329 ],
		"time": [ 51.471380, 33.506900, 32.547686, 31.011327, 35.670910, 35.677836, 36.004287, 36.026120 | 36.851063, 36.859365, 35.424894, 35.440155, 39.034498, 39.045817, 35.711319, 35.769312, 37.968313, 37.974793, 35.208422, 35.244166, 36.251971, 36.256174, 36.976246, 37.007042, 37.669361, 37.692839, 35.540335, 35.559305, 36.235385, 36.271486, 36.125151, 36.182686 ],
		"startTime": "2021-05-10 13:35:38.501719121 +0200 CEST m=+0.013711095",
		"EndTime": "2021-05-10 13:48:32.384320281 +0200 CEST m=+773.896312300",
		"totalTime":7.73882601205E+02
	}
]