[
	{
		"id": "h6r0vemtw4",
		"nrOfEpochs": 21,
		"epochs": [ 2, 2, 2, 3, 4, 4, 5, 5 | 6, 7, 8, 9, 10, 11, 12, 13, 14, 15, 16, 17, 18, 19, 20 ],
		"loss": [ 2.584266, 1.289442, 1.642473, 1.445789, 1.740492, 1.537257, 1.519227, 1.457139 | 1.181934, 1.116507, 0.751992, 0.966844, 1.094883, 0.626586, 0.801135, 0.432471, 0.602339, 0.594438, 0.324367, 0.550950, 0.351694, 0.296591, 0.423608 ],
		"servers": [ 1, 1, 1, 2, 1, 1, 2, 2 | 1, 1, 1, 1, 1, 1, 1, 1, 1, 1, 1, 1, 1, 1, 1 ],
		"workers": [ 1, 1, 1, 1, 2, 2, 2, 2 | 1, 1, 1, 1, 1, 1, 1, 1, 1, 1, 1, 1, 1, 1, 1 ],
		"cost": [ 1.833899, 136775.926186, 129501.508216, 129501.944898, 27949.829692, 27949.829692, 58146.484654, 58146.484654 | 18033.139920, 135887.271556, 36442.380695, 36442.348876, 138908.263070, 114212.699271, 114212.731860, 72673.965971, 96556.235419, 96556.216660, 69911.409203, 69911.416345, 125645.731214, 133976.011922, 133976.023164 ],
		"time": [ 51.115246, 32.227478, 32.221318, 32.583996, 45.412435, 45.469526, 38.779405, 38.862013 | 32.122407, 31.452706, 33.265818, 32.202635, 32.576139, 32.089988, 33.174545, 32.544587, 32.520195, 31.877270, 32.401348, 32.639370, 33.490652, 31.884479, 32.269103 ],
		"startTime": "2021-05-04 23:35:14.721457738 +0200 CEST m=+0.013446678",
		"EndTime": "2021-05-04 23:49:06.409536043 +0200 CEST m=+831.701525020",
		"totalTime":8.31688078342E+02
	}
]